# constriction site width [nm] vs time [ns]
 0.00   10.27059
 0.35   11.30081
 0.70   11.04595
 1.05    9.91677
 1.40   10.16419
 1.75    9.00388
 2.10   10.84229
 2.45   11.02148
 2.80   11.34966
 3.15   10.75784
 3.50   10.78306
 3.85   10.22363
 4.20   10.49448
 4.55   10.42368
 4.90   10.40543
 5.25    9.88058
 5.60   11.01201
 5.95   10.59440
 6.30   10.37713
 6.65   11.39955
 7.00    9.87414
 7.35   11.55280
 7.70   10.99404
 8.05   10.22143
 8.40   10.74458
 8.75   11.07923
 9.10   11.03736
 9.45   10.87373
 9.80   10.92318
10.15   10.57593
10.50   10.04374
10.85   10.18467
11.20   10.73870
11.55    8.95091
11.90    8.84272
12.25    9.57545
12.60    9.94819
12.95   10.68647
13.30    9.97100
13.65    9.79335
14.00   10.47535
14.35   10.29517
14.70   10.74210
15.05   10.25843
15.40   10.73538
15.75   10.53844
16.10   10.93884
16.45   10.35608
16.80   11.22093
17.15   10.31039
17.50   10.79781
17.85   10.97145
18.20   11.23907
18.55   10.81872
18.90   10.35755
19.25   10.98616
19.60   10.59816
19.95   11.09935
20.30   10.92643
20.65   10.93341
21.00   10.92273
21.35   10.83301
21.70   10.60875
22.05   10.91745
22.40   10.22036
22.75    9.83790
23.10   11.45920
23.45   10.84649
23.80   10.24131
24.15   10.93790
24.50   10.84439
24.85   10.49825
25.20   10.54119
25.55    9.52851
25.90   10.25794
26.25   11.07777
26.60   10.88231
26.95   10.11304
27.30   10.24030
27.65   10.71609
28.00   10.56480
28.35   10.37409
28.70   10.56751
29.05   10.63013
29.40    9.12035
29.75   10.31189
30.10    9.59977
30.45    9.52225
30.80   10.54798
31.15   10.59706
31.50    9.32945
31.85   10.38401
32.20    9.33615
32.55    9.28693
32.90    8.72572
33.25    9.07614
33.60    8.82418
33.95    8.68934
34.30    9.38819
34.65    8.34796
35.00    8.99923
35.35    9.16412
35.70    9.35392
36.05    9.45496
36.40    9.17676
36.75    8.98711
37.10    8.84510
37.45    9.75333
37.80    9.18690
38.15    9.51570
38.50    8.35760
38.85    9.22162
39.20    8.78564
39.55    8.55594
39.90    9.06376
40.25    9.44271
40.60    9.24920
40.95    8.15474
41.30    8.78197
41.65    9.22520
42.00    8.45762
42.35    8.76119
42.70    8.54220
43.05    8.88858
43.40    8.20760
43.75    8.72952
44.10    9.63686
44.45    9.04869
44.80    8.54704
45.15    9.12484
45.50    9.25892
45.85   10.50858
46.20    9.83197
46.55    9.36671
46.90    8.77814
47.25    8.45252
47.60    9.79332
47.95    9.11919
48.30    9.63109
48.65    8.53632
49.00    8.92980
49.35    8.72325
49.70    8.66955
50.05    8.90917
50.40    9.88603
50.75    9.36093
51.10    9.85497
51.45    9.79390
51.80    9.51838
52.15    9.44575
52.50    8.96299
52.85    9.38174
53.20    8.18930
53.55    8.97040
53.90    7.22801
54.25    8.11023
54.60    8.49557
54.95   10.09763
55.30    8.06784
55.65    8.84676
56.00    9.80595
56.35    9.24114
56.70    9.85228
57.05    9.06545
57.40    8.43624
57.75    8.46336
58.10    8.01995
58.45    8.76134
58.80    8.38668
59.15    8.66159
59.50    8.10290
59.85    7.73049
60.20    9.28501
60.55    9.86947
60.90    9.55115
61.25    8.70191
61.60    9.28919
61.95    9.99535
62.30    9.12414
62.65    8.79793
63.00   10.01403
63.35    9.05652
63.70    9.25756
64.05    9.01686
64.40    9.69193
64.75    8.30299
65.10    9.38068
65.45    8.12188
65.80    7.89370
66.15    7.91738
66.50    7.63836
66.85    7.86418
67.20    8.74255
67.55    9.07909
67.90    9.26006
68.25    8.37819
68.60    8.13052
68.95    8.07912
69.30    8.55882
69.65    7.41579
70.00    8.77566
70.35    7.47537
70.70    8.52844
71.05    9.48952
71.40   10.06752
71.75   10.01943
72.10    9.86285
72.45    9.42670
72.80    8.46405
73.15    8.99496
73.50    9.54938
73.85    9.22009
74.20    8.95253
74.55    9.49759
74.90   10.12148
75.25   10.75470
75.60    9.76820
75.95    9.04034
76.30   10.25840
76.65    9.69212
77.00    9.34784
77.35    9.75451
77.70   10.42556
78.05    8.83714
78.40    8.43607
78.75   10.06512
79.10   10.34743
79.45    9.19939
79.80   10.40310
80.15    9.44129
80.50    9.19758
80.85    9.77985
81.20    8.59212
81.55    9.62491
81.90    9.00600
82.25    9.21727
82.60    8.32930
82.95    7.62994
83.30    7.38876
83.65    7.20313
84.00    9.93531
84.35    8.87411
84.70    8.56582
85.05   10.19175
85.40    9.33110
85.75    9.54737
86.10    9.72015
86.45    9.24532
86.80    9.39523
87.15    9.17463
87.50    9.57306
87.85    9.82004
88.20   10.07624
88.55    8.78219
88.90    9.30695
89.25   10.11573
89.60   10.48221
89.95    9.59173
90.30    9.13748
90.65    8.30569
91.00   10.16345
91.35    9.14006
91.70   10.17916
92.05    9.68788
92.40   10.12151
92.75   10.53440
93.10   10.81827
93.45    8.34296
93.80   10.34840
94.15    9.78459
94.50   10.79119
94.85    9.66921
95.20    9.95233
95.55    8.71547
95.90    9.22628
96.25    9.28781
96.60    9.42300
96.95    8.90688
97.30    8.23767
97.65    8.53020
98.00    9.55306
98.35    9.88504
98.70   10.50920
99.05    9.86754
99.40   10.52707
99.75    8.54156
100.10    9.37014
100.45    9.07374
100.80   10.02212
101.15   10.29396
101.50   10.04223
101.85    9.43790
102.20   10.24814
102.55    9.31628
102.90    9.91606
103.25    8.63280
103.60    9.19325
103.95    9.24733
104.30    9.08765
104.65    9.44209
105.00    9.30853
105.35    9.84883
105.70    8.77402
106.05    9.24773
106.40    9.52637
106.75    9.88809
107.10   10.15637
107.45    8.79175
107.80    9.63640
108.15    8.98877
108.50    9.02480
108.85   10.31862
109.20    9.03594
109.55    9.57389
109.90    9.67597
110.25    8.53039
110.60   10.06484
110.95   10.17385
111.30    8.81898
111.65    9.98995
112.00    9.70799
112.35    8.56774
112.70    9.34066
113.05    8.76433
113.40    9.95708
113.75    9.73338
114.10    8.45691
114.45    8.34704
114.80    9.97912
115.15    8.89520
115.50    8.86830
115.85    7.88358
116.20    9.36226
116.55    8.85913
116.90   10.14879
117.25   10.18675
117.60   10.40652
117.95    9.49700
118.30    9.72203
118.65    9.19245
119.00    8.38715
119.35    9.57649
119.70    9.33823
120.05    9.82983
120.40    9.29261
120.75    8.32540
121.10    8.55296
121.45    9.74193
121.80    8.04277
122.15    9.37619
122.50    8.00580
122.85    8.97941
123.20    8.11977
123.55    9.96577
123.90    9.00837
124.25   10.17110
124.60    9.00600
124.95    8.92141
125.30    9.05940
125.65   10.19816
126.00    9.42600
126.35    8.83039
126.70    8.90967
127.05    8.83845
127.40    7.32409
127.75    8.42720
128.10    8.24302
128.45    8.41506
128.80    9.11116
129.15    9.94841
129.50    8.56415
129.85    9.40362
130.20    7.04234
130.55    8.11876
130.90    8.97076
131.25    8.23900
131.60    7.43376
131.95    9.06868
132.30   10.02925
132.65    9.71212
133.00    8.05370
133.35    8.27843
133.70    8.60266
134.05    8.73057
134.40    9.93638
134.75    8.29786
135.10    7.24553
135.45    8.27360
135.80    8.40198
136.15    7.24079
136.50    9.64019
136.85    9.62001
137.20    9.14317
137.55    7.70024
137.90    8.12858
138.25    7.47647
138.60    9.82695
138.95    9.45782
139.30    9.23577
139.65    9.54788
140.00   10.46783
140.35    8.13479
140.70    6.84481
141.05    8.32785
141.40    7.96335
141.75    9.61646
142.10    9.17130
142.45    9.57923
142.80    8.82644
143.15    9.13975
143.50    9.10361
143.85    9.47935
144.20    9.62480
144.55    8.89361
144.90    9.81456
145.25    8.84346
145.60    9.49292
145.95    9.58703
146.30    9.69844
146.65    9.16788
147.00    8.83298
147.35    8.93852
147.70   10.11442
148.05    9.95874
148.40    9.14631
148.75    9.73871
149.10   10.23073
149.45    9.60497
149.80    9.91017
150.15    9.21656
150.50    9.21663
150.85    8.73952
151.20    9.01581
151.55    9.45403
151.90    9.85777
152.25    9.44634
152.60    9.67708
152.95    9.82308
153.30    9.93209
153.65    9.54778
154.00    8.55507
154.35    8.65815
154.70    7.69260
155.05    8.17841
155.40    9.37020
155.75   10.06689
156.10    9.28816
156.45    8.77775
156.80    9.95160
157.15    8.94915
157.50    9.82657
157.85    9.66777
158.20    9.03590
158.55    8.81427
158.90    9.06265
159.25    9.01083
159.60    9.70701
159.95    8.90854
160.30    9.06030
160.65    9.88433
161.00    9.57799
161.35    8.14760
161.70    8.95265
162.05    9.40773
162.40    9.54121
162.75   10.17953
163.10    7.92271
163.45   10.09107
163.80    9.67897
164.15    9.44579
164.50   10.24463
164.85    9.00327
165.20   10.30238
165.55   10.23397
165.90    9.00673
166.25    9.80873
166.60    9.96355
166.95   10.19709
167.30    9.94156
167.65    9.14184
168.00   10.03794
168.35   10.50918
168.70    9.30933
169.05    8.30931
169.40    9.45707
169.75    9.38889
170.10    9.09916
170.45    9.44332
170.80    9.55388
171.15    8.41304
171.50    8.88187
171.85    9.87772
172.20    7.84152
172.55   10.05103
172.90   10.46350
173.25    9.70966
173.60    7.08137
173.95    9.42408
174.30    8.34900
174.65    9.99964
175.00    9.12826
175.35    9.49043
175.70    9.86962
176.05    9.60789
176.40    9.48278
176.75    9.37118
177.10    9.54702
177.45    8.43473
177.80    8.61723
178.15    9.15998
178.50    7.65987
178.85    9.73245
179.20    8.60805
179.55    9.03019
179.90    9.61293
180.25    8.95794
180.60    8.60894
180.95    7.00661
181.30    7.99808
181.65    8.57455
182.00    9.29725
182.35    7.55210
182.70    7.69642
183.05    8.26820
183.40   10.42978
183.75    8.80655
184.10    8.66468
184.45    8.72858
184.80    8.76709
185.15    8.65381
185.50    7.49027
185.85    8.47492
186.20    8.28399
186.55    7.65812
186.90    7.45163
187.25    6.80221
187.60    9.34588
187.95    8.43216
188.30    9.22273
188.65    8.85115
189.00    9.52893
189.35    7.40472
189.70    8.73290
190.05    8.86121
190.40    8.72410
190.75    8.08524
191.10    8.98605
191.45    7.04919
191.80    8.01313
192.15    8.96101
192.50    8.62334
192.85    8.96872
193.20    8.50953
193.55    8.23215
193.90    9.45621
194.25    8.75169
194.60    8.10138
194.95    6.99246
195.30    8.86521
195.65    8.65534
196.00    8.93294
196.35    8.91256
196.70    9.25908
197.05    7.59371
197.40    8.99175
197.75    8.50979
198.10    8.62718
198.45    7.90039
198.80    9.19207
199.15    7.89013
199.50    7.06340
199.85    8.27064
200.20    7.62396
200.55    7.34835
200.90    7.87734
201.25    9.49090
201.60    8.46850
201.95    8.62732
202.30    8.61079
202.65    7.72286
203.00    8.51298
203.35    7.43041
203.70    8.08593
204.05    7.84251
204.40    7.29128
204.75    7.39188
205.10    8.59220
205.45    8.37414
205.80    8.96408
206.15    8.80827
206.50    9.14485
206.85    9.03194
207.20    7.59072
207.55    7.96180
207.90    9.09463
208.25    8.46528
208.60    8.68461
208.95    8.58305
209.30    9.05344
209.65    7.77772
210.00    9.07749
210.35    8.86447
210.70    8.29954
211.05    8.23704
211.40    8.85551
211.75    8.56820
212.10    8.45612
212.45    8.79470
212.80    9.10173
213.15    9.47287
213.50    8.04569
213.85    8.43009
214.20    8.80310
214.55    9.69069
214.90   10.30325
215.25    9.01920
215.60    9.41557
215.95    9.92846
216.30    9.45025
216.65    8.35752
217.00    9.16072
217.35    9.06943
217.70    9.14605
218.05    9.22696
218.40    9.15636
218.75    9.12477
219.10    8.80982
219.45    9.61771
219.80    8.76622
220.15    8.89933
220.50    9.41366
220.85    9.66491
221.20    7.09996
221.55    7.58727
221.90    7.02983
222.25    5.16684
222.60    7.16933
222.95    6.40917
223.30    7.02778
223.65    6.78759
224.00    6.95610
224.35    7.17780
224.70    6.52953
225.05    7.08886
225.40    6.34245
225.75    6.68205
226.10    6.74806
226.45    7.41461
226.80    6.70578
227.15    6.16074
227.50    6.57522
227.85    6.96013
228.20    7.00183
228.55    7.20122
228.90    7.47901
229.25    7.36208
229.60    5.50633
229.95    6.11424
230.30    6.22703
230.65    7.36315
231.00    8.56492
231.35    6.93920
231.70    9.31689
232.05    7.07976
232.40    7.06805
232.75    7.02308
233.10    8.42375
233.45    7.55289
233.80    6.17888
234.15    7.29989
234.50    7.68938
234.85    7.70966
235.20    7.34401
235.55    8.59583
235.90    6.64900
236.25    8.27761
236.60    7.19531
236.95    8.59317
237.30    7.62959
237.65    7.47344
238.00    9.26348
238.35    9.91966
238.70    8.01796
239.05    7.27995
239.40    8.69194
239.75    8.17893
240.10    9.53191
240.45    8.54665
240.80    8.91309
241.15    9.63439
241.50    9.66273
241.85    9.08609
242.20    9.72846
242.55    8.10290
242.90    8.50923
243.25    8.81837
243.60    7.60775
243.95    8.88128
244.30    8.79715
244.65    8.42834
245.00    8.09394
245.35    8.29177
245.70    8.92558
246.05    7.47286
246.40    9.00430
246.75    9.73121
247.10    8.89306
247.45    8.21162
247.80    6.75127
248.15    7.71490
248.50    8.66392
248.85    7.93941
249.20    9.19738
249.55    8.20559
249.90    8.30702
