# constriction site width [nm] vs time [ns]
 0.00    9.70970
 0.35   10.69355
 0.70   10.61203
 1.05   10.63992
 1.40   10.61665
 1.75   10.71457
 2.10   10.63251
 2.45    9.97965
 2.80   10.81074
 3.15   10.92012
 3.50   10.53529
 3.85   10.74915
 4.20   10.73532
 4.55   10.96002
 4.90   10.58321
 5.25   10.62347
 5.60   10.04480
 5.95    9.54405
 6.30   10.55857
 6.65   10.39994
 7.00    9.69284
 7.35    9.48332
 7.70    9.24105
 8.05    9.84824
 8.40    9.97381
 8.75    9.95031
 9.10    9.98174
 9.45   10.24385
 9.80    9.16996
10.15    9.69620
10.50    9.20183
10.85   10.31236
11.20    9.81861
11.55    8.98098
11.90    9.80575
12.25    9.96212
12.60   10.27013
12.95   10.28392
13.30    9.96888
13.65    9.90023
14.00    9.44292
14.35    9.93722
14.70    9.37057
15.05    9.70371
15.40    9.71124
15.75    9.84127
16.10    9.37507
16.45    9.65062
16.80    9.34745
17.15    9.56520
17.50    9.76301
17.85    9.36902
18.20    9.15735
18.55    9.63197
18.90    9.04348
19.25    9.66845
19.60   10.01434
19.95    9.44001
20.30    9.61626
20.65   10.02527
21.00   10.03995
21.35    8.56195
21.70   10.54380
22.05    9.59153
22.40    7.87893
22.75    9.43099
23.10    9.53312
23.45   10.62550
23.80    9.85801
24.15    9.95892
24.50    9.69757
24.85    9.56667
25.20    7.30005
25.55    8.01703
25.90    8.29144
26.25    8.81585
26.60    9.73769
26.95    9.62593
27.30    9.91152
27.65    9.95765
28.00   10.21170
28.35   10.82097
28.70   10.30799
29.05    9.96362
29.40   10.16594
29.75   10.40445
30.10   10.46204
30.45    9.39971
30.80    9.91442
31.15   10.28344
31.50   10.04804
31.85   10.12905
32.20    9.93260
32.55    9.78837
32.90    9.73146
33.25   10.60740
33.60   10.33977
33.95   10.63847
34.30    9.99775
34.65   10.84816
35.00   10.26984
35.35   10.35248
35.70   10.03818
36.05   10.32850
36.40   10.53044
36.75   10.53836
37.10   10.53742
37.45   10.22005
37.80    9.91825
38.15   10.68842
38.50   10.51400
38.85   10.59549
39.20   10.12113
39.55   11.00425
39.90   10.64625
40.25   10.65320
40.60   10.89972
40.95   11.01502
41.30   10.99180
41.65   10.63795
42.00   10.32426
42.35   10.52256
42.70   10.63163
43.05   10.11525
43.40   10.55722
43.75   10.80389
44.10   10.49368
44.45   10.51791
44.80   10.96084
45.15   10.59384
45.50   10.43381
45.85    9.95657
46.20   10.33516
46.55   10.45518
46.90   10.88177
47.25   10.49224
47.60   10.66441
47.95   10.81685
48.30   11.12617
48.65   10.50155
49.00   11.13552
49.35   10.75706
49.70   10.77805
50.05   11.37931
50.40   10.84106
50.75   10.55572
51.10    8.39782
51.45    8.61699
51.80    7.70694
52.15    7.38932
52.50    7.38828
52.85    8.57799
53.20   10.55482
53.55   11.55316
53.90   11.35879
54.25   10.39308
54.60   11.37377
54.95   11.03176
55.30   10.83899
55.65   10.51973
56.00   10.55812
56.35    9.68857
56.70   10.54592
57.05   10.91667
57.40   11.04918
57.75   11.42269
58.10   10.48736
58.45   10.94235
58.80    9.33607
59.15    8.30400
59.50   10.48230
59.85   10.83010
60.20   11.02936
60.55   10.98410
60.90   10.61738
61.25   10.82275
61.60   11.10585
61.95   10.78203
62.30   10.87398
62.65   11.00582
63.00   11.16525
63.35   11.38032
63.70   11.21287
64.05   11.20972
64.40   10.89269
64.75   11.14239
65.10   11.52913
65.45    9.81248
65.80   11.16927
66.15   10.64335
66.50   11.52431
66.85   10.54804
67.20   11.07413
67.55   11.04042
67.90   11.37290
68.25   11.31418
68.60    9.98690
68.95   11.90993
69.30   11.46082
69.65   11.40981
70.00   10.56624
70.35   10.59604
70.70   11.06314
71.05   11.31852
71.40   10.39783
71.75   10.45224
72.10   10.63483
72.45   11.38079
72.80   10.60768
73.15   10.14428
73.50    8.95626
73.85   10.17710
74.20   10.63159
74.55   11.16542
74.90   10.86335
75.25   10.70240
75.60   11.15159
75.95   11.40619
76.30   10.96900
76.65   10.83882
77.00   10.82555
77.35   10.71005
77.70   11.48938
78.05   10.83926
78.40   10.45528
78.75   10.77485
79.10   10.96814
79.45   10.23183
79.80   10.07123
80.15   10.42601
80.50    9.95892
80.85   10.82122
81.20   10.00822
81.55    9.80268
81.90   10.41906
82.25   10.39866
82.60   11.33313
82.95   10.32984
83.30   10.69937
83.65   10.90505
84.00   10.35443
84.35   10.82659
84.70   10.44860
85.05   10.51426
85.40   10.78543
85.75   10.76994
86.10   10.90359
86.45   10.90040
86.80   11.40412
87.15   10.79464
87.50   10.90695
87.85   10.94421
88.20   10.21089
88.55   11.03571
88.90   10.90927
89.25   11.26868
89.60   10.35261
89.95   10.30022
90.30   11.20902
90.65   10.64165
91.00   10.83092
91.35   10.97124
91.70   10.52634
92.05   10.74956
92.40   10.67843
92.75   11.11863
93.10   10.41422
93.45   10.70492
93.80   10.65346
94.15   10.58977
94.50   10.75367
94.85   10.94668
95.20   11.05269
95.55   10.69008
95.90   10.50400
96.25   11.26931
96.60   10.34203
96.95   10.47728
97.30   10.58870
97.65   10.12684
98.00   10.99642
98.35   10.54235
98.70   10.84202
99.05   10.38740
99.40   10.46990
99.75   10.67381
100.10   11.02296
100.45   10.87004
100.80   10.61211
101.15   11.45381
101.50   10.63280
101.85   10.77705
102.20   10.59054
102.55   10.43269
102.90   10.85615
103.25   10.50882
103.60   10.44255
103.95   11.96699
104.30   11.34928
104.65   10.92069
105.00   10.92948
105.35   10.79651
105.70   11.03451
106.05   10.89798
106.40   10.85416
106.75   11.30642
107.10   11.50520
107.45   11.15479
107.80   10.76403
108.15   11.25392
108.50   10.76564
108.85   10.44219
109.20   10.32965
109.55   10.88999
109.90   10.78045
110.25   10.40244
110.60   10.51562
110.95   10.30951
111.30    9.78431
111.65   10.55381
112.00   10.57402
112.35   11.13380
112.70   10.26010
113.05   10.45928
113.40   11.01409
113.75   10.63988
114.10    9.69629
114.45   10.16344
114.80   10.87488
115.15   11.08928
115.50   10.14121
115.85   10.07607
116.20   10.10584
116.55   10.42949
116.90   11.27780
117.25   10.82716
117.60   10.82146
117.95   10.67225
118.30   10.17070
118.65   10.92759
119.00   10.65611
119.35   11.61150
119.70   10.99114
120.05   11.40837
120.40   10.75313
120.75   11.04503
121.10   10.28406
121.45   10.42422
121.80   11.45834
122.15   11.47628
122.50   11.10833
122.85   10.95710
123.20   11.17263
123.55   10.58452
123.90   10.40342
124.25   10.56555
124.60   10.52216
124.95   11.07747
125.30   10.81890
125.65   10.46320
126.00   10.76741
126.35   10.38349
126.70   10.70012
127.05   11.00482
127.40   10.59043
127.75   10.36755
128.10   10.31512
128.45   10.78007
128.80    9.61796
129.15   10.73018
129.50   10.52043
129.85   11.06153
130.20   10.46803
130.55   10.70974
130.90   10.04192
131.25   11.10923
131.60   10.74573
131.95   11.11315
132.30   10.59376
132.65   11.13135
133.00   10.75515
133.35   10.91595
133.70   11.25915
134.05   11.31091
134.40   10.46819
134.75   11.36873
135.10   11.32192
135.45   10.82315
135.80   11.03635
136.15   10.92235
136.50   11.40472
136.85   11.97713
137.20   11.04535
137.55   10.45289
137.90   10.07975
138.25   10.39473
138.60    9.33647
138.95   11.37971
139.30   10.69722
139.65    9.86528
140.00   10.67364
140.35   11.01499
140.70   11.51352
141.05   11.27725
141.40   11.80372
141.75   10.95908
142.10   11.07660
142.45   10.97254
142.80   11.48402
143.15   10.46704
143.50   11.55719
143.85   11.18714
144.20   11.57477
144.55   11.27068
144.90   10.80044
145.25   10.77516
145.60   11.26829
145.95   10.97512
146.30   10.69578
146.65   10.71823
147.00   10.90396
147.35   10.51189
147.70   10.30970
148.05   10.49464
148.40   10.73516
148.75   10.47795
149.10   10.45394
149.45   10.49850
149.80   10.82822
150.15   10.84112
150.50   10.71607
150.85   11.45913
151.20   10.00924
151.55   11.28056
151.90   10.80968
152.25   10.69625
152.60   11.10239
152.95   10.09310
153.30   10.48212
153.65   10.69994
154.00   10.25370
154.35    9.70302
154.70   10.18430
155.05    9.41119
155.40   10.09108
155.75   11.04945
156.10   10.64801
156.45   10.38976
156.80   11.06532
157.15   11.85836
157.50   11.30964
157.85   10.99424
158.20   10.65383
158.55   11.23038
158.90   11.64283
159.25   11.69155
159.60   11.90725
159.95   10.96742
160.30   11.29725
160.65   11.45800
161.00   10.76091
161.35   11.73617
161.70   11.81576
162.05   10.93834
162.40   10.70956
162.75   11.25543
163.10   10.77125
163.45   11.47572
163.80   12.05385
164.15   11.87663
164.50   11.83744
164.85   11.73417
165.20   12.08286
165.55   11.84071
165.90   10.03419
166.25   10.83633
166.60   11.61076
166.95   11.75554
167.30   10.66119
167.65   11.32530
168.00   10.94225
168.35   10.81690
168.70   10.33830
169.05   10.86949
169.40   11.29590
169.75   11.82057
170.10   10.96231
170.45   11.72077
170.80   12.15809
171.15   11.91363
171.50   12.55734
171.85   11.34575
172.20   12.05971
172.55   11.19979
172.90   11.00905
173.25   12.09367
173.60   11.87762
173.95   10.85976
174.30   10.75373
174.65   11.60565
175.00   11.77746
175.35   11.59154
175.70   10.81418
176.05   11.53471
176.40   10.46171
176.75   11.18007
177.10   10.27544
177.45   11.49941
177.80   10.07461
178.15   10.54414
178.50   11.42512
178.85   11.55449
179.20   11.76083
179.55    9.92152
179.90   12.13637
180.25   11.75227
180.60   10.53320
180.95   11.65016
181.30   10.64052
181.65   10.98712
182.00   10.36779
182.35   11.47023
182.70   11.37526
183.05   10.82780
183.40   10.83726
183.75   11.21111
184.10   11.35728
184.45   11.73414
184.80   11.72124
185.15   10.48776
185.50   12.18554
185.85   11.89837
186.20   11.05808
186.55    9.56041
186.90   10.70685
187.25   10.76846
187.60   10.73687
187.95   10.86022
188.30    9.85450
188.65    8.60673
189.00    8.90217
189.35    8.72618
189.70    9.40276
190.05    9.24220
190.40   11.13478
190.75   10.22145
191.10   10.18692
191.45   11.30430
191.80   11.34377
192.15   10.18453
192.50   11.44895
192.85   11.20087
193.20   11.77605
193.55   11.59013
193.90   10.48430
194.25   11.33207
194.60   10.80411
194.95   12.16467
195.30   11.55420
195.65   11.28798
196.00   10.97878
196.35   11.08435
196.70   11.61127
197.05   10.66504
197.40   11.32402
197.75    8.97140
198.10   11.56733
198.45   11.42077
198.80   11.24040
199.15   11.51266
199.50   10.85108
199.85   11.84947
200.20   11.52684
200.55   11.34462
200.90   10.03113
201.25   10.57467
201.60   10.95547
201.95   10.69503
202.30   10.98831
202.65   11.43450
203.00   10.85142
203.35   11.18709
203.70   11.48578
204.05   10.36714
204.40   11.87727
204.75   11.29527
205.10   10.58096
205.45   10.47565
205.80   10.21605
206.15   10.83429
206.50   11.39896
206.85   11.20529
207.20   11.48640
207.55   10.45142
207.90   11.06138
208.25   11.87730
208.60   10.63427
208.95   10.71085
209.30   10.97940
209.65   10.26793
210.00   11.11865
210.35   10.61038
210.70    9.09642
211.05   10.48024
211.40   10.05481
211.75   10.73918
212.10    9.87656
212.45   10.75884
212.80   10.73769
213.15   10.39100
213.50   11.02111
213.85   11.42970
214.20    9.82880
214.55   10.55365
214.90   10.98165
215.25   10.56716
215.60   10.87389
215.95   10.99624
216.30   11.08604
216.65   10.68505
217.00   11.41012
217.35   10.53829
217.70   10.52306
218.05    9.78731
218.40   10.43156
218.75    9.75974
219.10   11.00505
219.45   10.78983
219.80   10.53772
220.15   10.66602
220.50   10.74498
220.85   11.32781
221.20   11.24005
221.55   11.09222
221.90   11.02054
222.25   10.89108
222.60   10.86400
222.95   10.14411
223.30   10.21414
223.65   10.62531
224.00   10.76525
224.35   11.39765
224.70   10.97537
225.05   10.62772
225.40   11.11305
225.75   11.24845
226.10   11.17926
226.45   10.95450
226.80    9.90751
227.15   10.41462
227.50   11.22028
227.85   11.38966
228.20   10.51473
228.55   11.61721
228.90   11.54604
229.25   11.81009
229.60   10.89003
229.95   11.74306
230.30   11.60677
230.65   11.64882
231.00   11.13044
231.35   10.46325
231.70   11.39151
232.05   11.72687
232.40   11.44818
232.75   11.25013
233.10   11.00526
233.45   11.92403
233.80   10.94077
234.15   10.40912
234.50   11.65995
234.85   11.74925
235.20   10.97610
235.55   11.22396
235.90   10.42070
236.25   10.98136
236.60   11.26652
236.95   11.43759
237.30   11.08099
237.65   10.82223
238.00   11.38654
238.35   11.03859
238.70   11.09185
239.05   11.15611
239.40   10.95676
239.75   11.29737
240.10   10.86791
240.45   10.97232
240.80   10.83247
241.15   10.97134
241.50   11.82831
241.85   11.44388
242.20   11.36789
242.55   11.62157
242.90   10.73498
243.25   10.56836
243.60   11.53886
243.95   11.08885
244.30   11.19984
244.65   11.34321
245.00   11.01274
245.35   11.24691
245.70   11.39238
246.05   11.56825
246.40   11.40334
246.75   11.56730
247.10   11.54431
247.45   11.21610
247.80   11.38019
248.15   11.21119
248.50   10.92957
248.85   10.44073
249.20   11.34831
249.55   11.32452
249.90   11.28208
