# constriction site width [nm] vs time [ns]
 0.00    6.67601
 0.35   10.18400
 0.70    9.62099
 1.05    8.07287
 1.40    9.82917
 1.75    9.56863
 2.10    8.99335
 2.45    9.28783
 2.80    8.53906
 3.15    9.24829
 3.50    8.23280
 3.85    8.79789
 4.20    9.24980
 4.55    8.74613
 4.90    8.46074
 5.25    8.96687
 5.60    6.53425
 5.95    8.93140
 6.30    7.71049
 6.65    9.69570
 7.00    9.07750
 7.35    9.26125
 7.70    8.57296
 8.05    8.89020
 8.40    9.01378
 8.75    9.03310
 9.10    8.63118
 9.45    9.34855
 9.80    8.90519
10.15    9.87068
10.50    9.89654
10.85    9.88261
11.20    9.30852
11.55    9.04171
11.90    8.86928
12.25    9.03204
12.60    8.61176
12.95    7.16616
13.30    6.55697
13.65    7.97138
14.00    8.12564
14.35    6.96156
14.70    7.77794
15.05    8.30251
15.40   10.03140
15.75   10.10383
16.10   11.35360
16.45   10.61052
16.80    9.56371
17.15    9.18712
17.50   10.79742
17.85   11.24166
18.20   10.52210
18.55    9.26610
18.90    9.41214
19.25   10.19648
19.60   10.19318
19.95    9.22020
20.30    9.75085
20.65    9.72062
21.00    9.80683
21.35   10.01452
21.70   10.61979
22.05   10.08868
22.40   10.11750
22.75   10.21475
23.10   10.41621
23.45    9.94279
23.80   10.09519
24.15   10.98716
24.50   10.05404
24.85    9.67017
25.20    9.48770
25.55    9.88054
25.90    9.52959
26.25    9.35983
26.60    9.19112
26.95    9.26116
27.30    9.13883
27.65   10.53839
28.00    8.66459
28.35   10.00868
28.70   10.21634
29.05   10.03020
29.40    9.93805
29.75    9.66262
30.10   10.41493
30.45   10.67399
30.80    9.52970
31.15    8.59492
31.50    9.82219
31.85   10.01253
32.20   10.39265
32.55   10.33962
32.90    9.95229
33.25   10.46758
33.60   10.33142
33.95    9.85004
34.30   10.86921
34.65   10.85441
35.00   10.73604
35.35   10.92130
35.70   10.04657
36.05    8.80291
36.40    9.29172
36.75   10.47507
37.10   11.00676
37.45   10.13801
37.80    7.92208
38.15   10.59755
38.50   10.60976
38.85   10.83017
39.20    9.38096
39.55    9.99648
39.90    9.65716
40.25    9.44977
40.60   10.45804
40.95   10.51134
41.30   10.01891
41.65   10.72944
42.00   10.69478
42.35   10.65084
42.70   10.45069
43.05   11.71696
43.40   10.17774
43.75   10.81260
44.10   10.23712
44.45   10.67806
44.80    9.86046
45.15   10.80181
45.50   11.43992
45.85   10.53955
46.20    9.77626
46.55   10.21257
46.90   10.80171
47.25   10.48881
47.60   11.55675
47.95   10.54468
48.30   10.59893
48.65   10.45350
49.00   11.09855
49.35   10.66715
49.70   11.08132
50.05   10.61603
50.40   11.02743
50.75   10.89295
51.10   11.30931
51.45   10.26532
51.80    9.80238
52.15   11.44657
52.50   10.47822
52.85   10.60183
53.20   10.62150
53.55    9.63429
53.90   11.11930
54.25   11.00732
54.60   10.69166
54.95    9.37619
55.30   10.74057
55.65   10.35375
56.00   10.88550
56.35    9.86823
56.70   11.14364
57.05    9.19426
57.40    8.69116
57.75    9.57333
58.10   10.35747
58.45   10.00923
58.80    9.94631
59.15   10.09107
59.50    9.03648
59.85    8.65055
60.20   11.04985
60.55    9.25529
60.90    7.76085
61.25    8.64323
61.60    9.17955
61.95    9.65486
62.30    9.62471
62.65    9.38800
63.00    9.18242
63.35    9.11574
63.70    8.73801
64.05    8.38887
64.40    9.76553
64.75    9.95313
65.10    9.71173
65.45   10.35162
65.80    9.74444
66.15    9.46975
66.50    9.49829
66.85    9.48382
67.20    9.51988
67.55    9.61022
67.90   10.46241
68.25   10.48965
68.60    8.22858
68.95    9.90028
69.30    9.31325
69.65   10.17852
70.00   10.32296
70.35    9.65890
70.70    8.61687
71.05    8.44739
71.40   10.31039
71.75    8.93032
72.10    9.09122
72.45    8.97509
72.80    8.53968
73.15    7.86019
73.50    9.07455
73.85    9.56398
74.20    8.20330
74.55    9.26782
74.90    8.97496
75.25    9.36745
75.60    9.57502
75.95   10.03897
76.30    9.16366
76.65    9.63648
77.00    8.28905
77.35    8.39133
77.70    9.22964
78.05    9.60455
78.40    9.05351
78.75    9.20447
79.10    8.71196
79.45   10.02305
79.80   10.59506
80.15   10.74929
80.50   10.02493
80.85   10.68514
81.20   10.72929
81.55    9.94891
81.90   10.84992
82.25   11.03682
82.60   11.03157
82.95   11.01158
83.30   10.73480
83.65   10.53815
84.00   10.15891
84.35   10.63509
84.70   10.54227
85.05    9.80004
85.40    9.80861
85.75   10.43140
86.10   10.73972
86.45   11.10232
86.80   11.07917
87.15   10.97677
87.50   11.17861
87.85   10.90651
88.20   10.31454
88.55   10.78118
88.90   10.56770
89.25   11.07930
89.60   10.76723
89.95   10.62849
90.30   10.30237
90.65   11.13561
91.00   10.03605
91.35   11.11600
91.70   10.41744
92.05   10.20925
92.40   10.90706
92.75   10.17160
93.10    9.61930
93.45   10.58015
93.80   10.65981
94.15   11.19528
94.50   11.47492
94.85   10.61544
95.20   10.97213
95.55   11.27022
95.90   11.23648
96.25   10.80593
96.60   10.28237
96.95   11.17655
97.30   10.62787
97.65   10.94073
98.00   10.68143
98.35   11.41125
98.70   11.18592
99.05   10.69148
99.40   10.91526
99.75   10.99271
100.10   11.02492
100.45   10.67433
100.80   11.09979
101.15   10.39910
101.50   10.06368
101.85   10.24253
102.20   10.34579
102.55   10.22872
102.90   10.23754
103.25    9.55795
103.60   10.38641
103.95    9.79187
104.30    9.73802
104.65    9.86170
105.00   10.17853
105.35   10.16047
105.70    9.46959
106.05   10.02183
106.40    9.69791
106.75    9.74669
107.10   10.01132
107.45   10.55654
107.80    9.55174
108.15   10.28090
108.50   10.11805
108.85   10.26304
109.20    9.86006
109.55   10.52595
109.90   10.46257
110.25   10.31483
110.60    9.84241
110.95   10.39001
111.30    9.95856
111.65    9.95981
112.00   11.06911
112.35   10.27348
112.70   10.41951
113.05   10.42364
113.40    9.99848
113.75    9.20750
114.10   10.12814
114.45   10.15657
114.80   10.11726
115.15    9.78835
115.50    8.81310
115.85    7.91276
116.20    6.76877
116.55    8.17647
116.90    7.37983
117.25    6.99611
117.60    8.11327
117.95    7.54348
118.30    7.61266
118.65    8.09798
119.00    8.15957
119.35    7.48016
119.70    7.92836
120.05    7.57439
120.40    9.24019
120.75    7.03020
121.10    8.26939
121.45    7.06330
121.80   10.09865
122.15    9.52370
122.50   10.46003
122.85   10.58030
123.20   10.77010
123.55   10.65286
123.90   10.67065
124.25   10.66248
124.60   11.32111
124.95    9.44663
125.30   10.86856
125.65   10.07485
126.00   10.67006
126.35   10.63514
126.70   10.60465
127.05   10.27497
127.40   11.00446
127.75   10.37255
128.10    9.82671
128.45   10.16821
128.80   10.56630
129.15   10.67390
129.50   10.10990
129.85    9.21369
130.20    9.33257
130.55    9.10546
130.90    7.73543
131.25   10.97713
131.60    8.44739
131.95    9.18854
132.30    8.31218
132.65    8.14487
133.00    9.19273
133.35    9.06341
133.70    8.56756
134.05    8.78390
134.40    8.44366
134.75    8.13178
135.10    8.84616
135.45    9.04418
135.80    8.61290
136.15    9.72491
136.50    9.23659
136.85    8.56783
137.20    9.11904
137.55    8.86716
137.90    9.83017
138.25    9.79311
138.60    9.68924
138.95    9.84897
139.30   10.07979
139.65    9.25793
140.00   10.53615
140.35   10.44527
140.70    9.76666
141.05    9.99770
141.40   10.61563
141.75    9.79435
142.10    9.96613
142.45   11.22074
142.80    9.60914
143.15    9.83473
143.50    9.65040
143.85    9.33421
144.20    9.95444
144.55    9.80634
144.90   10.18227
145.25    9.54480
145.60    9.12834
145.95   10.14530
146.30   10.72556
146.65   10.06138
147.00   10.48355
147.35    9.30205
147.70    9.59429
148.05    9.44021
148.40    9.20319
148.75    9.39353
149.10    9.97729
149.45    8.49668
149.80    9.72933
150.15   10.34290
150.50    8.26058
150.85   10.14686
151.20    9.14094
151.55    9.88436
151.90   10.28565
152.25    9.47401
152.60   10.26397
152.95    9.96664
153.30    8.89515
153.65   10.11588
154.00    9.73438
154.35   10.09702
154.70   10.07462
155.05   10.52858
155.40    8.34224
155.75    9.12499
156.10    9.30566
156.45   10.87011
156.80   10.05979
157.15   10.61760
157.50   10.30063
157.85    9.99843
158.20   10.41053
158.55    9.60777
158.90    9.43559
159.25    9.12834
159.60   10.05947
159.95   10.11838
160.30   10.39174
160.65    9.78761
161.00   10.15328
161.35   10.15833
161.70   10.15906
162.05    9.92446
162.40    9.92356
162.75    9.94420
163.10   10.30831
163.45   10.40210
163.80   10.22576
164.15    9.05878
164.50   10.35114
164.85    9.98760
165.20   10.31415
165.55   10.43204
165.90   10.05051
166.25   10.90559
166.60   10.23690
166.95   10.12220
167.30   10.30694
167.65   10.50961
168.00   10.49545
168.35    9.33298
168.70    9.48387
169.05    9.74994
169.40   10.40388
169.75   10.33142
170.10   10.21383
170.45   10.30054
170.80   10.68633
171.15   10.26240
171.50   10.03774
171.85   10.12970
172.20   10.30202
172.55   10.30705
172.90   10.37647
173.25   10.67410
173.60   10.44005
173.95   10.17965
174.30    9.80918
174.65   10.56601
175.00    9.89572
175.35   10.38369
175.70   10.61020
176.05    9.98282
176.40   10.30534
176.75   10.56156
177.10   10.49073
177.45   10.21719
177.80   10.56868
178.15   10.34222
178.50    9.71030
178.85   10.57855
179.20   10.00993
179.55   10.41079
179.90   10.01313
180.25   10.88299
180.60   10.61318
180.95   10.77674
181.30   10.35241
181.65   10.30912
182.00   10.25204
182.35    9.10336
182.70   10.18493
183.05    9.72701
183.40   10.41898
183.75   10.32764
184.10   10.41554
184.45   10.44792
184.80   10.37708
185.15   10.52434
185.50   10.59971
185.85    9.84341
186.20   10.51247
186.55   10.39743
186.90   10.07380
187.25    9.77983
187.60    9.24772
187.95   10.45368
188.30   10.31830
188.65   10.43937
189.00   10.27814
189.35    9.74848
189.70    9.85308
190.05   10.60715
190.40    9.65821
190.75   10.27557
191.10   10.49445
191.45   10.64394
191.80   10.51923
192.15   11.24014
192.50   11.18438
192.85   10.56408
193.20    9.80470
193.55   10.83336
193.90   10.29564
194.25   10.43661
194.60    9.37730
194.95   10.57078
195.30   10.06603
195.65   10.50139
196.00   10.96894
196.35    9.73342
196.70   10.15249
197.05   10.62250
197.40   10.61333
197.75    9.83197
198.10   10.33207
198.45   10.51562
198.80   10.53426
199.15   10.03022
199.50   10.04395
199.85    9.34172
200.20    9.65553
200.55    8.87816
200.90   10.33781
201.25    9.75105
201.60    9.06805
201.95    9.97128
202.30    8.67862
202.65    9.85678
203.00    9.71004
203.35   10.08900
203.70    8.61254
204.05    9.09145
204.40    9.11589
204.75    9.37867
205.10    9.23468
205.45    9.70589
205.80    9.29577
206.15    9.55370
206.50    9.37948
206.85    8.97880
207.20    9.75493
207.55    9.89175
207.90    9.90967
208.25    8.90902
208.60    9.99696
208.95   10.11670
209.30   10.04911
209.65    9.11696
210.00   10.28167
210.35    8.91711
210.70    9.20345
211.05    9.95391
211.40    9.54228
211.75    8.72916
212.10   10.28908
212.45    9.61467
212.80    9.75522
213.15   10.00589
213.50    9.33601
213.85    9.47887
214.20    8.35748
214.55   10.42575
214.90    9.82631
215.25    9.68373
215.60    9.14360
215.95    9.12921
216.30   10.05965
216.65    9.81692
217.00    9.15851
217.35    9.27528
217.70    8.92424
218.05    9.32917
218.40   10.18651
218.75    9.48646
219.10    9.55419
219.45    9.33991
219.80    9.66708
220.15    9.72570
220.50    9.65926
220.85    9.93683
221.20    9.47906
221.55    9.52402
221.90   10.28416
222.25    9.14521
222.60   10.08059
222.95    9.95717
223.30    9.58185
223.65    8.82594
224.00    8.57487
224.35    8.59551
224.70    9.43603
225.05   10.63529
225.40    9.61085
225.75    9.91297
226.10    9.91390
226.45    9.56974
226.80   10.18495
227.15   10.50770
227.50    9.79794
227.85   10.08346
228.20   10.09843
228.55    9.01347
228.90   10.59769
229.25    9.85527
229.60   10.28665
229.95    9.99856
230.30    9.98734
230.65   10.08108
231.00   10.55572
231.35    9.81001
231.70   10.68219
232.05   10.20885
232.40   10.15512
232.75    9.52833
233.10   10.03105
233.45    9.52139
233.80   10.19769
234.15   10.03698
234.50   10.06043
234.85    9.53263
235.20    9.50216
235.55    9.77553
235.90    9.80393
236.25   10.20909
236.60   10.37063
236.95    9.90730
237.30   10.32521
237.65   10.20147
238.00    9.82245
238.35    9.50569
238.70   10.23370
239.05    9.16106
239.40    9.83442
239.75   10.62896
240.10   10.43079
240.45   10.31090
240.80    9.74759
241.15    9.28145
241.50   11.10395
241.85    9.78292
242.20    9.36484
242.55   10.39542
242.90    9.79035
243.25   10.49169
243.60   10.61716
243.95    9.43306
244.30    9.54245
244.65    9.39828
245.00    9.48385
245.35    9.56778
245.70    9.77840
246.05   10.56653
246.40   10.56840
246.75    9.31784
247.10    9.59007
247.45   10.14237
247.80    9.85401
248.15    9.32123
248.50    9.35964
248.85    9.27022
249.20    9.68416
249.55    9.69095
249.90   10.20254
