# constriction site width [nm] vs time [ns]
 0.00    8.33640
 0.35    8.66938
 0.70    6.62329
 1.05    7.29603
 1.40    7.53760
 1.75    9.23086
 2.10    8.41258
 2.45    7.33574
 2.80    8.18079
 3.15    7.58195
 3.50    7.47618
 3.85    8.02678
 4.20    8.37701
 4.55    8.05896
 4.90    8.07875
 5.25    8.48561
 5.60    7.98230
 5.95    8.57640
 6.30    6.58727
 6.65    8.42011
 7.00    8.18630
 7.35    8.19732
 7.70    8.47335
 8.05    9.13983
 8.40    6.77044
 8.75    8.50255
 9.10    8.38634
 9.45    7.20660
 9.80    6.82909
10.15    5.50740
10.50    7.34499
10.85    7.39073
11.20    6.08898
11.55    8.75476
11.90    8.00385
12.25    6.84491
12.60    6.26815
12.95    6.92332
13.30    9.16641
13.65    6.71920
14.00    6.75497
14.35    8.81983
14.70    7.27265
15.05    8.85605
15.40    8.43980
15.75    9.10964
16.10    8.13125
16.45    7.87639
16.80    6.12693
17.15    6.22920
17.50    6.27888
17.85    7.04990
18.20    8.97921
18.55    6.98720
18.90    8.51507
19.25    8.58440
19.60    8.27518
19.95    8.75208
20.30    8.26454
20.65    7.65828
21.00    9.76075
21.35   10.16140
21.70   10.24624
22.05   10.53202
22.40    9.24170
22.75    9.58475
23.10    9.43252
23.45    8.44094
23.80   10.56828
24.15    9.20008
24.50    9.05943
24.85    6.54395
25.20    7.89560
25.55    8.20042
25.90    9.16082
26.25    8.64747
26.60    8.39423
26.95    9.25862
27.30    8.81515
27.65    9.26833
28.00    8.84903
28.35    9.06638
28.70    8.50702
29.05    7.96309
29.40    8.17378
29.75    8.61036
30.10    7.92335
30.45    7.51217
30.80    7.51761
31.15    7.17114
31.50    7.19100
31.85    7.56493
32.20    8.24489
32.55    8.35131
32.90    7.48937
33.25    8.15741
33.60    9.11014
33.95    8.98256
34.30    8.45737
34.65    9.39288
35.00    8.39402
35.35    6.93307
35.70    8.50480
36.05    7.62745
36.40    8.54781
36.75    9.14656
37.10    9.30330
37.45    8.76362
37.80    9.88700
38.15    9.56746
38.50    8.28439
38.85    9.22140
39.20    8.96010
39.55    9.23652
39.90    8.46880
40.25    9.16966
40.60   10.85393
40.95    8.62706
41.30    8.32495
41.65    8.93807
42.00    9.47853
42.35    8.66950
42.70    8.94895
43.05    9.03937
43.40    8.53839
43.75    9.87310
44.10    9.46073
44.45   10.03856
44.80    8.71582
45.15    7.91834
45.50    7.97667
45.85    7.86879
46.20    9.99429
46.55    9.67082
46.90    8.93292
47.25    7.06724
47.60    7.26039
47.95    7.08436
48.30    8.98914
48.65    8.76502
49.00    9.70240
49.35    8.86622
49.70    8.46189
50.05    9.02297
50.40    8.55494
50.75    9.60353
51.10    9.66570
51.45    8.40209
51.80    6.76570
52.15    9.02703
52.50    8.91649
52.85    9.12739
53.20   10.01006
53.55    9.12264
53.90    8.08004
54.25    8.43523
54.60    8.69984
54.95    9.08738
55.30    8.02757
55.65    9.05344
56.00    9.32934
56.35    7.94366
56.70    7.24192
57.05    8.85847
57.40    9.36617
57.75    8.30203
58.10    8.45688
58.45    8.68367
58.80    7.28856
59.15    9.75896
59.50    8.86955
59.85    9.20081
60.20    8.50777
60.55   10.36035
60.90    8.11477
61.25    8.17883
61.60    9.56452
61.95    8.81763
62.30    9.12732
62.65    8.24831
63.00    7.67793
63.35    8.63472
63.70    7.35041
64.05    9.47940
64.40    8.26850
64.75    8.32794
65.10    8.70161
65.45    8.55411
65.80    8.14405
66.15    9.28827
66.50    8.11637
66.85    9.12964
67.20    9.81031
67.55    9.67724
67.90   10.40505
68.25    8.77774
68.60   10.09258
68.95    9.71512
69.30    9.36023
69.65    8.95373
70.00    9.88402
70.35    9.74337
70.70    7.71050
71.05    8.53516
71.40    9.35758
71.75   10.54908
72.10    9.16323
72.45    8.36311
72.80    8.24183
73.15    7.40624
73.50    7.85461
73.85    6.74451
74.20    6.60097
74.55    7.74819
74.90    7.57942
75.25    6.81641
75.60    8.05802
75.95    6.35108
76.30    7.02519
76.65    6.33950
77.00    8.17920
77.35    9.67192
77.70    8.90156
78.05    9.21363
78.40    9.07375
78.75    9.40399
79.10    9.46731
79.45   10.20419
79.80    8.84007
80.15    8.33736
80.50    8.98335
80.85    9.47174
81.20    9.72809
81.55    7.67547
81.90    9.41357
82.25    8.38372
82.60    7.77095
82.95    9.67886
83.30   10.12619
83.65    9.50081
84.00    9.42583
84.35    9.56161
84.70    8.20238
85.05    9.23075
85.40    9.59598
85.75    9.75995
86.10    9.82521
86.45    8.60481
86.80    8.31510
87.15    8.96931
87.50    8.54874
87.85    8.02644
88.20    8.99518
88.55    8.83969
88.90    8.91278
89.25    8.20856
89.60    7.58399
89.95    7.41522
90.30    8.34937
90.65    8.14401
91.00    7.87239
91.35    8.02626
91.70    8.13946
92.05    7.81292
92.40    9.61759
92.75   11.31791
93.10    8.08053
93.45    7.70107
93.80    8.03643
94.15    8.45626
94.50    7.51365
94.85    8.30160
95.20    6.47389
95.55    8.59657
95.90    9.31344
96.25    9.36952
96.60    9.75582
96.95    9.46224
97.30   10.20788
97.65    9.91509
98.00   10.80934
98.35    9.83603
98.70   11.25991
99.05    9.54644
99.40   10.77862
99.75   10.48331
100.10   10.94909
100.45   10.44575
100.80   10.08316
101.15   10.35256
101.50    9.10552
101.85    9.47373
102.20   10.71202
102.55   11.22931
102.90   11.34082
103.25    9.77148
103.60   10.08160
103.95    9.82274
104.30    9.53974
104.65    9.64931
105.00   11.42572
105.35    9.49652
105.70   10.26468
106.05    9.54427
106.40   10.55603
106.75    9.31722
107.10   10.35688
107.45    9.36391
107.80    9.24339
108.15    9.28453
108.50   10.21864
108.85   10.07738
109.20   11.18215
109.55   11.31028
109.90    9.67772
110.25   10.05021
110.60    9.64726
110.95    9.68933
111.30    9.13206
111.65    9.75247
112.00   10.22903
112.35    8.89384
112.70    9.05432
113.05    8.73748
113.40   10.04038
113.75   10.02686
114.10   10.33440
114.45   10.09463
114.80    8.95883
115.15    9.86813
115.50    9.50673
115.85   10.28208
116.20   11.20577
116.55    9.48650
116.90    9.72383
117.25    9.71521
117.60   10.66872
117.95    9.64741
118.30   10.13579
118.65   10.24508
119.00   10.08267
119.35    8.60983
119.70    9.50690
120.05   10.83802
120.40    7.87333
120.75   10.02633
121.10    8.90423
121.45    8.23734
121.80    7.17923
122.15    5.88853
122.50    6.55038
122.85    7.30166
123.20    6.45277
123.55    7.40969
123.90    6.86503
124.25    5.51216
124.60    6.83410
124.95    8.82448
125.30    7.51871
125.65    7.11778
126.00    7.54464
126.35    7.16025
126.70    6.07113
127.05    5.79611
127.40    7.38035
127.75    6.89560
128.10    7.93981
128.45    8.12391
128.80    8.87096
129.15    9.95063
129.50    9.54144
129.85    9.15027
130.20    9.58086
130.55    8.11465
130.90    9.09414
131.25    8.13064
131.60    8.45593
131.95    9.05593
132.30    9.02363
132.65   10.09003
133.00   10.08394
133.35    8.40000
133.70    9.94671
134.05   10.23131
134.40   11.08000
134.75   11.28531
135.10   11.65877
135.45   10.32137
135.80   11.26936
136.15   10.46524
136.50   10.73476
136.85   10.26176
137.20   10.06521
137.55    8.84284
137.90    9.92408
138.25   10.10238
138.60    8.98221
138.95   10.02244
139.30    9.51785
139.65    9.93066
140.00   10.36862
140.35   10.15019
140.70   10.13920
141.05    9.44350
141.40   10.14415
141.75    9.85383
142.10    8.94671
142.45    8.79351
142.80    9.23654
143.15    9.28073
143.50    9.21552
143.85    9.02329
144.20    9.66375
144.55    8.96293
144.90    9.39626
145.25    8.63248
145.60    8.38868
145.95    7.99070
146.30   10.26678
146.65    8.77798
147.00    9.51687
147.35    9.55126
147.70    9.67894
148.05    9.91406
148.40    9.79543
148.75   10.48818
149.10    8.97332
149.45    9.94579
149.80    9.92731
150.15    9.57422
150.50    9.64446
150.85    8.85608
151.20   10.35662
151.55   10.73755
151.90   10.76777
152.25   10.21062
152.60    9.67731
152.95   10.01632
153.30    9.33624
153.65    8.69033
154.00    9.63051
154.35    9.80977
154.70    9.68921
155.05    9.50594
155.40    8.61151
155.75    9.83553
156.10    9.53858
156.45    9.90735
156.80    9.68221
157.15   10.53141
157.50   11.06409
157.85   10.05433
158.20   10.78072
158.55   10.16161
158.90    9.39714
159.25   10.04582
159.60    9.59681
159.95   10.89191
160.30   10.41989
160.65    9.77665
161.00    9.76253
161.35    9.43606
161.70    9.42693
162.05   10.17452
162.40    9.08899
162.75    9.95761
163.10    8.62603
163.45    9.96015
163.80    9.40752
164.15    9.19183
164.50    9.46943
164.85    9.23212
165.20    9.68944
165.55    8.88259
165.90    9.46560
166.25    9.38319
166.60    9.23902
166.95    9.05697
167.30    9.38997
167.65   10.55472
168.00    9.50379
168.35   10.02702
168.70   10.94255
169.05   10.02633
169.40    9.54913
169.75    9.98317
170.10    9.99349
170.45    9.05878
170.80    8.47330
171.15    7.85458
171.50    9.34902
171.85   10.36153
172.20    9.06577
172.55    9.69667
172.90    9.91558
173.25    8.96441
173.60    8.76914
173.95   10.16995
174.30   10.25508
174.65    9.69497
175.00    9.59146
175.35   10.43970
175.70   11.32288
176.05   10.62491
176.40   11.28091
176.75    9.74280
177.10   11.09028
177.45   10.43581
177.80   10.88361
178.15    9.88408
178.50   10.38177
178.85   10.90987
179.20    9.79367
179.55   11.00452
179.90    9.53186
180.25    9.46771
180.60    8.06497
180.95   10.04320
181.30    8.46510
181.65    7.83377
182.00    8.21988
182.35    9.34408
182.70    8.84132
183.05    8.42339
183.40    8.61595
183.75    9.41011
184.10    8.85577
184.45    9.52170
184.80    9.47355
185.15    9.23888
185.50    8.40656
185.85    8.14319
186.20    8.68713
186.55    8.85828
186.90    9.38778
187.25    9.36259
187.60    8.85221
187.95    8.94726
188.30    8.45025
188.65    8.63066
189.00    8.59382
189.35    8.94852
189.70    8.77821
190.05    9.32766
190.40    9.18806
190.75    9.31756
191.10    9.58760
191.45    9.46892
191.80    8.66973
192.15    9.35895
192.50    9.40771
192.85    8.83469
193.20   10.10313
193.55    8.99296
193.90   10.14179
194.25   10.14601
194.60    9.49755
194.95    8.93222
195.30   10.60143
195.65    9.75256
196.00   10.40970
196.35    9.56688
196.70    9.77873
197.05   10.31451
197.40   10.70711
197.75    9.58064
198.10   10.02355
198.45    9.96325
198.80   10.31539
199.15   10.41929
199.50   10.57888
199.85   10.09452
200.20    9.94718
200.55    9.81876
200.90    9.72464
201.25   10.65019
201.60   10.92144
201.95   10.78062
202.30   10.12897
202.65    9.68631
203.00   10.32757
203.35    9.01711
203.70   10.04254
204.05   10.45878
204.40   11.16273
204.75   10.48727
205.10   10.99680
205.45    9.35558
205.80   10.27187
206.15   10.55260
206.50   10.32918
206.85   10.62366
207.20   10.12298
207.55   10.16470
207.90   10.46056
208.25   10.10238
208.60   10.79226
208.95   10.11871
209.30    9.59291
209.65    9.52718
210.00    9.56170
210.35   10.68639
210.70    9.83484
211.05    9.96929
211.40    9.34926
211.75    9.87945
212.10    9.97656
212.45    9.57416
212.80    9.64547
213.15   10.84436
213.50    9.38294
213.85   10.68728
214.20    9.50341
214.55   11.24449
214.90   10.60607
215.25    9.51749
215.60   10.50502
215.95    9.39801
216.30   10.15145
216.65    9.22519
217.00    9.17010
217.35    9.76735
217.70    9.61974
218.05    9.80537
218.40   10.39190
218.75    9.97261
219.10   11.02994
219.45   11.11423
219.80    9.58093
220.15    9.44644
220.50   10.16005
220.85   10.16933
221.20    9.72527
221.55    9.65056
221.90   10.16555
222.25    9.89003
222.60   10.01505
222.95    8.82383
223.30    9.59566
223.65   10.54443
224.00    9.13662
224.35    9.84836
224.70    9.27292
225.05    9.22181
225.40    8.65590
225.75    9.85700
226.10   10.41969
226.45    9.05387
226.80    9.34157
227.15    9.29426
227.50    9.49709
227.85   10.07576
228.20    9.76873
228.55   10.14749
228.90    9.72809
229.25    8.94931
229.60    9.38827
229.95    8.99692
230.30    8.47485
230.65    8.89706
231.00    9.80237
231.35   10.71348
231.70    8.53961
232.05    9.71056
232.40    9.92181
232.75   10.70644
233.10   10.03444
233.45    9.71832
233.80   10.33205
234.15    9.51783
234.50    9.90566
234.85    9.69658
235.20    9.75273
235.55   10.08700
235.90    9.37695
236.25    9.71917
236.60    9.50222
236.95    9.15777
237.30   10.12521
237.65    9.36032
238.00    9.52945
238.35   10.04593
238.70    8.61000
239.05    8.99393
239.40    8.92284
239.75    8.75583
240.10    8.86207
240.45    9.50487
240.80    9.88475
241.15    9.97447
241.50    9.57784
241.85    8.91865
242.20    9.38294
242.55    8.94508
242.90    8.60884
243.25   10.18631
243.60    8.80262
243.95   10.42536
244.30   10.01559
244.65    9.24486
245.00   10.54405
245.35   10.01993
245.70   10.35986
246.05    9.23944
246.40    8.48151
246.75    9.63675
247.10    9.75596
247.45    8.82047
247.80    8.72944
248.15    9.87882
248.50    9.98644
248.85    8.86246
249.20    8.72934
249.55    8.61241
249.90   10.44263
