# constriction site width [nm] vs time [ns]
 0.00   10.11569
 0.35    9.90052
 0.70   10.16670
 1.05    9.74370
 1.40   10.26092
 1.75   10.02476
 2.10   10.01844
 2.45    9.74063
 2.80    9.63652
 3.15   10.40486
 3.50    8.59036
 3.85    6.53834
 4.20    8.74937
 4.55    8.80302
 4.90    6.47647
 5.25    8.86686
 5.60    8.45870
 5.95    8.63307
 6.30    8.93063
 6.65    9.93857
 7.00    8.30985
 7.35    9.72315
 7.70    8.76611
 8.05    7.33823
 8.40    8.05157
 8.75    8.26118
 9.10    6.55114
 9.45    7.48970
 9.80    9.63150
10.15    8.77719
10.50    7.57745
10.85    6.49572
11.20    8.72430
11.55    6.53564
11.90    7.88602
12.25    8.06492
12.60    6.57498
12.95    6.43831
13.30    6.98120
13.65    7.33972
14.00    7.45708
14.35    7.09814
14.70    6.36107
15.05    6.33048
15.40    7.52281
15.75    9.75992
16.10    9.19710
16.45   10.32059
16.80   10.75996
17.15   10.95580
17.50   10.98147
17.85   10.92796
18.20   10.17985
18.55   11.21356
18.90    9.91257
19.25   10.56170
19.60   10.01974
19.95   10.86059
20.30   10.52710
20.65   10.78860
21.00   10.81491
21.35   11.79302
21.70   11.11211
22.05   11.05579
22.40   10.51398
22.75    9.26396
23.10   11.91689
23.45   10.66727
23.80   11.72893
24.15   10.31204
24.50   11.87871
24.85   10.70484
25.20   10.10969
25.55   11.71470
25.90   10.45884
26.25   10.82502
26.60   11.17956
26.95   10.75129
27.30   11.59940
27.65   11.59215
28.00   11.95359
28.35   11.00366
28.70   11.79724
29.05   11.29456
29.40   11.70328
29.75   11.77322
30.10   11.63359
30.45   10.94872
30.80   11.35139
31.15   10.77828
31.50   10.86305
31.85   11.93367
32.20   11.24815
32.55   11.40697
32.90   11.98392
33.25   10.86086
33.60   12.02888
33.95   11.24328
34.30   10.07603
34.65   12.33610
35.00   11.19332
35.35   10.62758
35.70   11.61409
36.05   12.13872
36.40   11.00778
36.75   11.73902
37.10   11.30582
37.45   10.93443
37.80   11.97847
38.15   11.40722
38.50   11.53225
38.85    9.98555
39.20   11.32281
39.55   11.05388
39.90   12.21962
40.25   10.90210
40.60   10.85465
40.95   11.05485
41.30   11.59594
41.65   10.40157
42.00   11.57604
42.35   10.73861
42.70   10.40378
43.05   10.61913
43.40    9.39537
43.75   11.05600
44.10   10.76363
44.45   11.20911
44.80   12.01866
45.15   11.26977
45.50   11.29218
45.85   10.15783
46.20   11.44598
46.55   11.18352
46.90    9.93576
47.25   10.13315
47.60   11.22040
47.95   10.74392
48.30   10.51851
48.65   10.66222
49.00   11.42668
49.35   11.28024
49.70    9.72906
50.05   11.76579
50.40   11.17647
50.75   11.55414
51.10   12.53071
51.45   10.20613
51.80   11.72987
52.15   10.96545
52.50   11.22401
52.85   11.32912
53.20   11.40816
53.55   10.78051
53.90   10.61636
54.25   11.14139
54.60   10.25663
54.95   11.25742
55.30   10.83657
55.65   11.72608
56.00   11.29801
56.35   10.95524
56.70   11.71495
57.05    9.44517
57.40   10.34062
57.75   10.38226
58.10   10.37046
58.45   10.09962
58.80   10.60705
59.15   10.83964
59.50   10.63033
59.85   10.33896
60.20   10.72880
60.55   10.18499
60.90   11.25536
61.25   11.16165
61.60   11.33584
61.95    9.65415
62.30   10.05618
62.65   10.42638
63.00   10.66782
63.35   11.27874
63.70   10.42767
64.05   10.08269
64.40    9.63891
64.75   10.97803
65.10   10.93365
65.45    9.47304
65.80   11.08306
66.15   11.04144
66.50   10.44480
66.85   11.94911
67.20   11.41190
67.55   10.58670
67.90   11.29063
68.25   10.89491
68.60   10.60500
68.95    9.67854
69.30    9.92888
69.65   11.57001
70.00   10.82554
70.35   10.90578
70.70   10.62401
71.05   11.07627
71.40   11.03482
71.75    8.43263
72.10    8.79376
72.45    8.21846
72.80    9.14865
73.15    9.29521
73.50   10.37695
73.85    8.92356
74.20   11.51094
74.55   10.71445
74.90   10.61261
75.25   11.79723
75.60   11.02468
75.95   11.03813
76.30   10.99763
76.65   11.34334
77.00   11.22835
77.35   11.95479
77.70   11.83266
78.05   11.78601
78.40   11.25934
78.75   12.17277
79.10   11.78858
79.45   11.98717
79.80   11.75836
80.15   11.53381
80.50   11.30689
80.85   10.97641
81.20   11.17507
81.55   11.54379
81.90   10.88092
82.25   11.84356
82.60   12.01205
82.95   12.23573
83.30   10.24076
83.65   11.01006
84.00   10.67569
84.35    9.75811
84.70   10.73586
85.05   11.16791
85.40   11.39557
85.75   10.74521
86.10   11.50861
86.45   11.19024
86.80   11.20119
87.15   11.21041
87.50   10.74421
87.85   12.19948
88.20   12.02847
88.55   11.52410
88.90   11.90865
89.25    9.82043
89.60   11.43171
89.95   11.21867
90.30   11.68316
90.65   11.11785
91.00   12.03351
91.35   11.41525
91.70   10.89475
92.05   11.30185
92.40   11.34999
92.75   12.00562
93.10   12.11725
93.45   12.04622
93.80   11.91113
94.15   11.84122
94.50   12.18594
94.85   11.43506
95.20   11.59611
95.55   11.04095
95.90   11.63388
96.25   11.54736
96.60   11.89760
96.95   11.77830
97.30   11.69153
97.65   11.52756
98.00   10.90307
98.35   11.40366
98.70    9.72767
99.05   10.43779
99.40    9.53644
99.75   10.38183
100.10   10.21620
100.45   11.13149
100.80   10.37684
101.15   10.86573
101.50   10.69589
101.85   11.23294
102.20   11.96311
102.55   11.80318
102.90   11.78393
103.25   11.92573
103.60   10.70078
103.95   10.16097
104.30   11.40369
104.65   11.00423
105.00   10.91996
105.35   11.58134
105.70   10.62667
106.05   10.32020
106.40   11.14467
106.75   11.31498
107.10   12.27539
107.45   12.42220
107.80   10.85836
108.15   11.02271
108.50   11.33022
108.85   10.82166
109.20   11.75116
109.55   12.34242
109.90   11.51941
110.25   11.74103
110.60   10.89957
110.95   11.46083
111.30   12.37169
111.65   11.23728
112.00   12.08861
112.35   11.65032
112.70   12.16250
113.05   12.61251
113.40   12.38173
113.75   12.50599
114.10   12.60109
114.45   12.08263
114.80   12.09362
115.15   12.22662
115.50   12.02497
115.85   11.97009
116.20   10.77657
116.55   11.07754
116.90   11.50057
117.25   12.10617
117.60   11.78383
117.95   11.91127
118.30   11.54920
118.65   11.72537
119.00   11.06750
119.35   11.08051
119.70   11.63668
120.05   10.97673
120.40   11.45630
120.75   10.80300
121.10   10.81157
121.45   11.79833
121.80   10.66875
122.15   11.24831
122.50   10.65394
122.85   10.27045
123.20   11.40666
123.55   11.90258
123.90   12.76098
124.25   12.75217
124.60   12.30448
124.95   11.98430
125.30   12.51393
125.65   11.74889
126.00   12.45882
126.35   10.23576
126.70   11.24433
127.05   12.11189
127.40   12.35342
127.75   12.09953
128.10   12.04819
128.45   11.60949
128.80   12.05781
129.15   11.80334
129.50   10.83346
129.85   10.66263
130.20   11.36477
130.55   11.89308
130.90   11.95766
131.25   11.63726
131.60   10.43139
131.95   10.84322
132.30   10.58255
132.65   10.79769
133.00   10.59823
133.35   11.74710
133.70   10.67406
134.05   10.90699
134.40   10.32666
134.75   10.00074
135.10   10.69029
135.45   11.00011
135.80   10.95698
136.15   10.42957
136.50   10.55222
136.85   10.77574
137.20   10.68753
137.55   10.76753
137.90   11.42412
138.25   11.60816
138.60   10.67793
138.95   11.95556
139.30   11.72719
139.65   12.14914
140.00   11.79262
140.35   10.64494
140.70    9.45487
141.05   12.27063
141.40   11.99567
141.75   12.04906
142.10   12.93694
142.45   11.84209
142.80   11.79954
143.15   12.64075
143.50   11.31606
143.85   11.07739
144.20   11.59566
144.55   11.96950
144.90   11.04685
145.25   11.79482
145.60   11.50985
145.95   11.38436
146.30   11.98921
146.65   11.71210
147.00   10.62661
147.35   10.43013
147.70   11.74470
148.05   11.95011
148.40   11.07964
148.75   10.92967
149.10   12.41943
149.45   11.91566
149.80   10.99566
150.15   11.39738
150.50   10.98448
150.85   11.55729
151.20   11.93091
151.55   11.65004
151.90   10.87068
152.25   10.74451
152.60   11.00530
152.95   11.06183
153.30   11.22192
153.65   11.11522
154.00   10.99428
154.35   10.71205
154.70   10.96713
155.05   10.69709
155.40   11.30569
155.75   11.80095
156.10   11.22607
156.45   11.33966
156.80   11.44955
157.15   11.76294
157.50   10.89880
157.85   11.83957
158.20   10.64425
158.55   11.50309
158.90   11.14175
159.25   11.27195
159.60   11.55177
159.95   11.98282
160.30   11.33962
160.65   11.14164
161.00   10.91648
161.35   10.98188
161.70   11.39864
162.05   10.93068
162.40   11.15732
162.75   10.83146
163.10   12.25033
163.45   12.28006
163.80   11.41620
164.15   10.94165
164.50   11.15712
164.85   10.77528
165.20   11.86820
165.55   11.57898
165.90   11.51894
166.25   10.95058
166.60   10.44578
166.95   11.21060
167.30   11.20955
167.65   10.76336
168.00   11.49981
168.35   10.88277
168.70   10.32111
169.05   10.80107
169.40   10.53650
169.75   11.25208
170.10   11.07673
170.45   11.08401
170.80   10.59002
171.15   11.59803
171.50   11.20247
171.85   10.66992
172.20   11.12031
172.55   10.72642
172.90   11.41574
173.25   11.87543
173.60   10.64611
173.95   10.88300
174.30   10.77419
174.65   10.75683
175.00   11.30826
175.35   10.58586
175.70   11.29816
176.05   10.67740
176.40   11.33438
176.75   10.02669
177.10   11.28513
177.45   11.14116
177.80   10.36343
178.15   10.97019
178.50   10.95213
178.85   10.95957
179.20   10.54416
179.55   11.42859
179.90   10.70501
180.25   11.00848
180.60   11.68754
180.95   10.81414
181.30   11.27006
181.65   10.55975
182.00   11.53318
182.35   11.29455
182.70   11.21257
183.05   11.02207
183.40   11.10039
183.75   10.59031
184.10   10.91484
184.45   10.89031
184.80   10.61130
185.15    9.61426
185.50   10.24018
185.85   11.08594
186.20   10.32170
186.55   10.50083
186.90   11.32621
187.25   10.84606
187.60   10.21347
187.95   11.43286
188.30   11.34169
188.65   11.20157
189.00   10.44158
189.35   10.42784
189.70   10.79186
190.05   10.94976
190.40   10.86706
190.75   11.16897
191.10   10.70285
191.45    9.26390
191.80   10.93806
192.15   10.31901
192.50   10.83067
192.85   11.20336
193.20   10.94487
193.55   10.53758
193.90   11.23728
194.25   11.05681
194.60   11.03563
194.95   11.08954
195.30   11.22938
195.65   10.52274
196.00   11.15760
196.35   10.67054
196.70    9.77561
197.05   11.33308
197.40   10.59148
197.75   11.29819
198.10   10.26969
198.45   10.99380
198.80   10.99598
199.15   10.90113
199.50    9.67538
199.85   11.40005
200.20    9.81492
200.55   11.32906
200.90   10.85315
201.25   10.67335
201.60    9.56533
201.95   10.87636
202.30   11.14879
202.65   10.65204
203.00   10.76594
203.35   11.29907
203.70   10.53291
204.05   10.93828
204.40   10.26281
204.75   10.73714
205.10    9.99715
205.45   10.11911
205.80   10.51976
206.15   10.82063
206.50   10.43132
206.85   10.57150
207.20   10.23081
207.55   10.85125
207.90   10.47054
208.25   10.01879
208.60   11.01244
208.95   10.91122
209.30   10.65537
209.65   10.47954
210.00   11.08907
210.35   10.49724
210.70   10.20596
211.05   10.19113
211.40   10.31749
211.75   10.72491
212.10   10.74831
212.45   10.29666
212.80   10.79495
213.15   11.13999
213.50   11.57256
213.85   12.16381
214.20   11.72580
214.55   11.16929
214.90   11.76123
215.25   11.65657
215.60   10.22753
215.95   10.54713
216.30   10.85277
216.65   10.12017
217.00   10.23987
217.35   11.08242
217.70   10.24438
218.05   10.38568
218.40   10.32236
218.75   11.00630
219.10   10.86865
219.45   11.12714
219.80   11.51420
220.15   10.72184
220.50   11.70212
220.85   11.29823
221.20   11.77410
221.55   11.69108
221.90   11.26066
222.25   11.46621
222.60   10.93080
222.95   11.44083
223.30   10.93118
223.65   11.44194
224.00   10.11775
224.35   11.46799
224.70   11.34006
225.05   10.98933
225.40   10.99317
225.75   12.04290
226.10   11.25878
226.45   11.12622
226.80   10.92803
227.15   10.73253
227.50   11.78727
227.85   11.11012
228.20   11.64529
228.55   10.71139
228.90   10.94974
229.25   11.24379
229.60   11.69723
229.95   11.52910
230.30   11.50935
230.65   10.96980
231.00   11.49120
231.35   10.70644
231.70   10.17822
232.05   11.73149
232.40   10.58418
232.75   10.53887
233.10   10.48530
233.45   10.86580
233.80   11.60990
234.15   10.91525
234.50   10.82638
234.85   11.09583
235.20   11.82679
235.55   11.18565
235.90   10.69949
236.25   11.01925
236.60   11.00045
236.95   10.80814
237.30   10.98075
237.65   11.18610
238.00   11.66166
238.35   10.24837
238.70   11.08452
239.05   10.36094
239.40    9.22770
239.75   10.12983
240.10   11.19245
240.45   10.99292
240.80   10.87494
241.15   10.25129
241.50   10.53067
241.85    8.94242
242.20   10.38265
242.55   10.29589
242.90   11.05439
243.25    9.83405
243.60   10.37795
243.95   10.72063
244.30   11.39196
244.65    9.94701
245.00   10.45776
245.35    9.99509
245.70   10.66531
246.05   10.77457
246.40   10.79070
246.75   10.37065
247.10   10.41073
247.45   10.06367
247.80   10.38367
248.15    9.63835
248.50   10.38841
248.85   10.28890
249.20   10.30412
249.55   10.59533
249.90   11.01572
