# constriction site width [nm] vs time [ns]
 0.00    9.32341
 0.35    9.29742
 0.70    9.97425
 1.05    9.86440
 1.40    9.45856
 1.75   10.09921
 2.10   10.23035
 2.45    9.87913
 2.80    9.40976
 3.15    9.51479
 3.50    9.13083
 3.85    9.77100
 4.20    9.59542
 4.55    9.35107
 4.90    9.49904
 5.25    9.78899
 5.60    9.95147
 5.95    9.76063
 6.30    8.94209
 6.65    9.31401
 7.00    9.92488
 7.35    9.45457
 7.70    9.75623
 8.05   10.06933
 8.40   10.20956
 8.75    9.77108
 9.10    9.21144
 9.45    9.68569
 9.80    9.33234
10.15    9.26123
10.50    9.51436
10.85    9.08956
11.20    9.67546
11.55    9.36902
11.90    9.77926
12.25    9.88146
12.60    9.98748
12.95    9.21895
13.30    9.70404
13.65    9.99325
14.00    9.66107
14.35   10.34900
14.70    9.57035
15.05    9.05123
15.40   10.19886
15.75    9.50330
16.10   10.17430
16.45    9.95891
16.80    9.75404
17.15   10.59521
17.50    8.47342
17.85    7.55994
18.20    6.74214
18.55    6.77364
18.90    9.64684
19.25    8.24409
19.60    8.46742
19.95    8.81356
20.30    8.30517
20.65    8.57327
21.00    9.18042
21.35    8.09085
21.70    7.41200
22.05    8.92387
22.40    6.79612
22.75    6.71570
23.10    6.79656
23.45    8.94033
23.80    5.99678
24.15    6.94104
24.50    8.77598
24.85    8.00641
25.20    7.90192
25.55   10.07839
25.90    9.90074
26.25   10.45989
26.60    9.95903
26.95    9.90835
27.30   10.27404
27.65   10.31818
28.00    9.54647
28.35    9.96337
28.70   10.89102
29.05   10.13294
29.40   10.42406
29.75   10.12569
30.10   10.10393
30.45   10.30150
30.80    9.43665
31.15    9.14895
31.50    9.95480
31.85    9.60391
32.20   10.04805
32.55    9.57102
32.90   10.04364
33.25    9.51059
33.60   10.10295
33.95   10.03911
34.30   10.05080
34.65    9.62730
35.00    9.97468
35.35   10.01169
35.70    9.89502
36.05   10.55712
36.40   10.17385
36.75   10.06680
37.10    9.74002
37.45   10.12639
37.80    9.92687
38.15    7.78712
38.50    8.99467
38.85   10.11319
39.20    9.80444
39.55   10.35525
39.90    9.55383
40.25    9.18590
40.60    9.07319
40.95    9.61007
41.30    9.64457
41.65    9.74120
42.00   10.56927
42.35   10.20012
42.70    9.80029
43.05    9.62813
43.40   10.68118
43.75   10.31184
44.10    9.86730
44.45    9.97020
44.80    9.48436
45.15    9.48123
45.50    9.78277
45.85    9.80506
46.20    9.59949
46.55    9.66633
46.90    9.98040
47.25   10.00037
47.60    9.99628
47.95    9.72135
48.30    9.67458
48.65   10.05309
49.00   10.42409
49.35   10.63329
49.70   10.40540
50.05   10.58436
50.40   10.24454
50.75   10.38823
51.10    8.70222
51.45    8.33527
51.80    7.98003
52.15    9.19331
52.50   10.28780
52.85    9.22614
53.20    9.33878
53.55    9.76867
53.90    9.33603
54.25    9.72228
54.60    9.34650
54.95    9.95909
55.30    9.50622
55.65   10.30744
56.00    9.70681
56.35    9.57158
56.70    9.07234
57.05    9.99598
57.40    9.71561
57.75    9.51431
58.10    9.25568
58.45    9.59163
58.80    9.69279
59.15    9.51576
59.50    9.77512
59.85    9.45436
60.20   10.24256
60.55   10.08677
60.90    8.93383
61.25    9.45595
61.60    9.79570
61.95    8.69042
62.30    9.14139
62.65    9.54867
63.00    9.71249
63.35    9.83829
63.70    9.36259
64.05    9.25658
64.40    9.23615
64.75    9.03772
65.10   10.10019
65.45    8.69116
65.80    9.64543
66.15    8.77567
66.50    8.07415
66.85    8.67807
67.20    8.98125
67.55   10.15784
67.90    8.04417
68.25    8.85148
68.60    8.03057
68.95    8.56493
69.30    8.66186
69.65    8.16201
70.00    8.97065
70.35    9.80058
70.70    9.71613
71.05    9.37239
71.40    9.04999
71.75   10.21765
72.10    9.21165
72.45    7.98133
72.80    9.58424
73.15    9.32988
73.50    8.01240
73.85    8.40896
74.20    8.23210
74.55    8.39655
74.90   10.38918
75.25    9.63562
75.60    9.69509
75.95   10.07286
76.30    9.95610
76.65    9.26142
77.00    9.85456
77.35    9.68553
77.70    9.53031
78.05    8.95928
78.40    9.59908
78.75    9.01521
79.10   10.18911
79.45    9.09304
79.80    9.20592
80.15    8.96254
80.50    9.28251
80.85    9.21165
81.20    9.25249
81.55    9.87526
81.90    9.83303
82.25    8.87201
82.60    9.72655
82.95   10.65200
83.30    9.58803
83.65    9.87227
84.00   10.03593
84.35    9.21272
84.70   10.16210
85.05   10.08881
85.40    9.64929
85.75    8.83805
86.10   10.48002
86.45    9.07634
86.80    8.40198
87.15   10.74073
87.50   10.43885
87.85    9.77861
88.20   10.04158
88.55    9.83197
88.90   10.29119
89.25   10.51204
89.60   10.06421
89.95   10.32885
90.30   10.00927
90.65   10.53863
91.00   10.71775
91.35   10.20242
91.70   10.30285
92.05    9.77348
92.40    9.62959
92.75   10.21475
93.10    9.32958
93.45    9.18571
93.80    9.70600
94.15   10.19991
94.50   10.37837
94.85    9.89948
95.20    9.60182
95.55   10.03613
95.90    9.33253
96.25    9.27727
96.60   10.33193
96.95    9.21583
97.30    9.53903
97.65    9.53108
98.00    9.05842
98.35    9.54942
98.70    8.95318
99.05    9.17499
99.40    9.35962
99.75    9.57811
100.10    9.33776
100.45    9.51028
100.80    9.15110
101.15    9.76657
101.50    9.57042
101.85    9.30875
102.20    9.81639
102.55   10.27999
102.90    8.93466
103.25    9.65031
103.60    9.78214
103.95   10.34968
104.30   10.28558
104.65    9.66953
105.00   10.10334
105.35    9.92988
105.70    9.62574
106.05   10.05818
106.40    9.71123
106.75    9.85614
107.10   10.87092
107.45   10.01264
107.80   10.37211
108.15   10.38196
108.50    9.28659
108.85    9.29723
109.20   10.47631
109.55    9.77074
109.90    9.86518
110.25   10.41414
110.60   10.38811
110.95    9.47582
111.30   10.05404
111.65   10.15860
112.00    9.91348
112.35   10.75922
112.70    9.89579
113.05    9.78606
113.40    9.47814
113.75   10.36284
114.10   10.17859
114.45   10.42887
114.80   10.69837
115.15   10.26717
115.50   10.45105
115.85    9.56093
116.20   10.36912
116.55    9.95794
116.90   10.46164
117.25   10.23280
117.60    9.87577
117.95    9.50240
118.30    9.95072
118.65    9.96584
119.00    9.83066
119.35    9.96766
119.70    9.48647
120.05   10.04681
120.40    9.54659
120.75   10.45817
121.10    9.32709
121.45    9.93701
121.80    9.45741
122.15   10.14324
122.50   10.43918
122.85   10.17677
123.20    9.94445
123.55    9.27704
123.90   10.29379
124.25    9.75541
124.60    9.36582
124.95    9.26709
125.30    9.97343
125.65    9.79680
126.00   10.32178
126.35    9.97070
126.70    9.40615
127.05    9.99913
127.40    9.62110
127.75    8.97669
128.10    9.93081
128.45   10.06767
128.80   10.33817
129.15    9.30930
129.50    9.51829
129.85   10.05418
130.20    9.43204
130.55    9.94969
130.90    9.83626
131.25   10.44731
131.60    9.46378
131.95    9.93328
132.30    7.68860
132.65    9.00966
133.00    7.51691
133.35    9.94245
133.70   10.69016
134.05   10.05084
134.40    9.90791
134.75   10.71045
135.10    9.59745
135.45    9.86300
135.80    9.89402
136.15    9.71850
136.50    9.91248
136.85   10.27393
137.20   10.00593
137.55    9.76802
137.90    9.80897
138.25   10.44535
138.60   10.19941
138.95   10.13392
139.30    9.71559
139.65    9.49078
140.00   10.11787
140.35    9.58593
140.70    9.61340
141.05    9.64409
141.40    9.61326
141.75   10.09777
142.10    9.79040
142.45    9.37967
142.80   10.04031
143.15    9.56229
143.50   10.51475
143.85    9.85734
144.20    9.59478
144.55    9.66568
144.90   10.03113
145.25    9.42023
145.60   10.20233
145.95   10.51142
146.30   10.16331
146.65    9.86520
147.00    9.67560
147.35   10.42149
147.70   10.23038
148.05   10.16894
148.40    9.98769
148.75   10.56228
149.10    9.73148
149.45    9.79403
149.80    9.11371
150.15   10.25131
150.50    9.82466
150.85   10.19459
151.20   10.35178
151.55   10.31977
151.90    9.07809
152.25   10.08794
152.60   10.51474
152.95   10.14608
153.30   10.12533
153.65    9.84232
154.00   10.61868
154.35   10.11359
154.70   10.23344
155.05   10.07320
155.40   10.29635
155.75    9.50291
156.10   10.00331
156.45   10.32661
156.80   10.03495
157.15    9.81622
157.50    7.65929
157.85   10.13260
158.20   10.39906
158.55    9.76312
158.90   10.31061
159.25   10.14019
159.60   10.44776
159.95    9.62037
160.30   10.07738
160.65    9.84066
161.00    9.99648
161.35   10.60632
161.70    9.65528
162.05    8.57146
162.40   10.15594
162.75   10.27021
163.10   10.86239
163.45   10.50437
163.80   10.59716
164.15   10.85256
164.50   11.14050
164.85   10.12355
165.20    9.84701
165.55   10.39594
165.90    8.78368
166.25   10.62980
166.60   10.38697
166.95    9.88227
167.30   10.00866
167.65    9.42679
168.00   10.09109
168.35   10.06489
168.70   10.32042
169.05    9.70300
169.40   10.13558
169.75   10.08872
170.10   10.05832
170.45    9.86364
170.80    8.68756
171.15   10.00983
171.50    9.83916
171.85    9.93999
172.20    9.59495
172.55   10.09910
172.90    9.52026
173.25    9.22266
173.60    9.76378
173.95   10.31076
174.30   10.01630
174.65    9.76159
175.00   10.20953
175.35    9.55873
175.70   10.35664
176.05   10.39590
176.40   10.36204
176.75   10.24401
177.10   10.37028
177.45   10.82846
177.80   10.12007
178.15    9.72890
178.50   10.32052
178.85    9.95769
179.20    9.91570
179.55   10.37453
179.90   10.12068
180.25   10.17760
180.60   10.00088
180.95    9.97518
181.30    9.70734
181.65   10.80561
182.00    9.70340
182.35   10.47136
182.70    9.80883
183.05    9.68291
183.40   10.12636
183.75    9.03856
184.10    9.49676
184.45    9.98142
184.80    8.87445
185.15   10.18303
185.50    8.72445
185.85    8.20177
186.20    8.91046
186.55    8.59145
186.90    9.36251
187.25    9.16936
187.60    7.93304
187.95    8.38358
188.30    9.12445
188.65    9.72296
189.00    7.84633
189.35    9.34997
189.70    9.35163
190.05    9.47956
190.40    8.06539
190.75    8.40241
191.10    8.45710
191.45    9.23781
191.80    9.35530
192.15    9.24330
192.50    9.78919
192.85    9.66424
193.20   10.06229
193.55    9.31998
193.90    9.72489
194.25    9.60645
194.60    9.29588
194.95    9.46963
195.30    9.19699
195.65    8.56454
196.00    9.24078
196.35    9.47461
196.70    8.84019
197.05    9.51228
197.40    8.77512
197.75    9.20287
198.10    9.89260
198.45    9.17532
198.80    9.86755
199.15    9.64454
199.50    9.56360
199.85    9.61690
200.20    9.57568
200.55    9.20059
200.90    9.69223
201.25    8.98150
201.60    9.38734
201.95    9.50855
202.30    9.60178
202.65    9.69200
203.00    9.81680
203.35    9.11863
203.70    6.84708
204.05    7.68881
204.40    9.81519
204.75    9.02098
205.10    9.61036
205.45    9.31787
205.80   10.14761
206.15    9.52247
206.50    8.82557
206.85    9.29236
207.20    9.03033
207.55    9.17820
207.90    9.14377
208.25    9.25938
208.60   10.00487
208.95    8.96759
209.30    8.80099
209.65    9.23274
210.00    9.53518
210.35    8.95461
210.70    9.11709
211.05    8.88017
211.40    9.08050
211.75    9.59555
212.10    9.27733
212.45   10.07240
212.80    9.41876
213.15    9.48274
213.50    9.72244
213.85    9.77190
214.20    9.84354
214.55    9.70215
214.90    9.42844
215.25    9.09960
215.60    8.12568
215.95    7.73317
216.30    6.21037
216.65    5.80334
217.00    7.54286
217.35    9.09155
217.70    8.44774
218.05    9.84813
218.40    9.29640
218.75    9.47397
219.10    8.87614
219.45    8.55090
219.80    5.78173
220.15    6.10304
220.50    7.18118
220.85    5.06946
221.20    7.43669
221.55    7.27435
221.90    5.65123
222.25    5.87272
222.60    6.13503
222.95    6.70454
223.30    8.24635
223.65    9.24309
224.00    7.08126
224.35    7.65051
224.70    6.78611
225.05    8.05748
225.40    6.13893
225.75    8.49973
226.10    6.33142
226.45    7.01716
226.80    5.77032
227.15    8.50172
227.50    5.88085
227.85    6.11343
228.20    6.65273
228.55    7.55667
228.90    6.64939
229.25    5.46924
229.60    6.06813
229.95    7.59666
230.30    5.72321
230.65    7.27085
231.00    6.31483
231.35    5.07974
231.70    6.82414
232.05    6.79264
232.40    9.42813
232.75    9.15499
233.10    9.69822
233.45    8.75037
233.80    9.42971
234.15    8.41930
234.50    8.49568
234.85    9.41401
235.20    9.31538
235.55    7.51369
235.90    5.60914
236.25    8.05849
236.60    6.94395
236.95    5.55866
237.30    6.99664
237.65    7.27550
238.00    7.23029
238.35    9.18634
238.70    9.54302
239.05    9.18630
239.40    9.83036
239.75    9.03298
240.10    9.95812
240.45    9.41619
240.80    9.49259
241.15    9.34847
241.50    8.97651
241.85    9.99334
242.20    8.71724
242.55   10.57563
242.90    9.37373
243.25    9.90417
243.60    9.69928
243.95   10.15042
244.30    9.42528
244.65   10.22392
245.00    9.32757
245.35    9.06814
245.70    9.50501
246.05    8.99142
246.40    9.59015
246.75    9.02233
247.10   10.01952
247.45    9.13389
247.80    9.92796
248.15    9.39900
248.50    9.51033
248.85   10.11933
249.20   10.09182
249.55    9.73278
249.90    9.94265
