# constriction site width [nm] vs time [ns]
 0.00    9.98145
 0.35    8.80654
 0.70    8.81885
 1.05    9.30081
 1.40    8.88973
 1.75    7.82322
 2.10    7.77335
 2.45    8.14619
 2.80    8.95129
 3.15    9.08058
 3.50    7.36602
 3.85    9.57112
 4.20    8.00138
 4.55    7.97838
 4.90    9.09828
 5.25    8.73803
 5.60    9.41658
 5.95    8.94444
 6.30   10.66202
 6.65    8.56665
 7.00    8.73555
 7.35    9.00471
 7.70    9.33763
 8.05    9.10675
 8.40    9.38907
 8.75    9.19757
 9.10    8.85999
 9.45    9.73261
 9.80    8.30700
10.15    8.78419
10.50    8.68406
10.85    9.56643
11.20    9.93426
11.55    9.50835
11.90    9.63920
12.25    9.85687
12.60    8.50695
12.95    9.34097
13.30    8.69099
13.65    7.79174
14.00    8.73074
14.35    8.60509
14.70    9.24445
15.05    8.86889
15.40    8.41699
15.75    8.89720
16.10    8.03659
16.45    8.72106
16.80    8.88143
17.15    8.27874
17.50    8.84638
17.85    9.21178
18.20    8.18104
18.55    9.20872
18.90    8.65324
19.25    9.22858
19.60    9.03057
19.95    8.35064
20.30    8.32203
20.65    8.95600
21.00    9.30154
21.35    9.20255
21.70    8.33598
22.05    7.75197
22.40    9.03797
22.75    8.89453
23.10    9.00908
23.45    9.17521
23.80    8.48723
24.15    8.48502
24.50    9.26775
24.85    7.96173
25.20    9.04998
25.55   10.53360
25.90    9.20529
26.25    9.17308
26.60    7.60837
26.95    8.40167
27.30    8.74271
27.65    8.92423
28.00    8.87490
28.35    8.21590
28.70    9.22653
29.05    9.42232
29.40    9.75168
29.75    9.05410
30.10   10.06469
30.45    9.41177
30.80    9.66363
31.15    9.24893
31.50    9.97400
31.85   10.64509
32.20    9.45260
32.55   10.37207
32.90   11.21317
33.25   10.60411
33.60   10.61449
33.95   10.77177
34.30   10.57968
34.65   10.49003
35.00   10.99460
35.35   10.42037
35.70   10.20440
36.05   10.49683
36.40   11.46210
36.75   11.43539
37.10   10.32074
37.45   10.16312
37.80   10.17412
38.15   10.55612
38.50   10.02756
38.85    9.76637
39.20   10.28661
39.55   10.19348
39.90   11.87360
40.25   12.10088
40.60   11.81797
40.95   11.78348
41.30   11.51476
41.65   10.85265
42.00   10.90665
42.35   11.21913
42.70   12.06560
43.05    9.54959
43.40   10.31106
43.75   10.94071
44.10   11.44620
44.45   11.46768
44.80   11.39294
45.15   11.77531
45.50   11.14226
45.85   11.57334
46.20   12.10919
46.55   11.60889
46.90   10.86215
47.25   12.03140
47.60   12.23575
47.95   12.33055
48.30   12.91502
48.65   12.09967
49.00   11.75432
49.35   11.74556
49.70   12.31108
50.05   12.32517
50.40   11.93051
50.75    9.79777
51.10   11.62205
51.45   11.84145
51.80   12.21375
52.15    9.86481
52.50    9.91891
52.85    9.86953
53.20   11.01456
53.55   12.13162
53.90   11.37856
54.25   12.27206
54.60   11.45698
54.95   10.56769
55.30   12.11192
55.65   11.99542
56.00   12.55210
56.35   11.99727
56.70   11.58231
57.05   10.56457
57.40   10.69526
57.75   10.35249
58.10   11.37156
58.45   11.78149
58.80   10.97871
59.15   10.78693
59.50   11.21181
59.85   11.25738
60.20   11.76084
60.55   10.50445
60.90   12.28608
61.25   11.37701
61.60   11.92383
61.95   12.29101
62.30   11.78840
62.65   11.46220
63.00   11.81536
63.35   11.99483
63.70   12.59125
64.05   12.72155
64.40   12.68264
64.75   12.32451
65.10   11.08287
65.45   11.50580
65.80   12.58222
66.15   12.22108
66.50   12.89478
66.85   12.06373
67.20   11.94384
67.55   11.70275
67.90   12.29674
68.25   12.01029
68.60   11.48799
68.95   12.34389
69.30   11.43360
69.65   11.38716
70.00   12.30664
70.35   12.88477
70.70   12.52518
71.05   12.09583
71.40   12.23814
71.75   11.49401
72.10   12.03066
72.45   12.18613
72.80    9.75234
73.15    9.92580
73.50   10.14019
73.85   10.44841
74.20   12.54038
74.55   12.06916
74.90   12.14861
75.25   11.07866
75.60   11.48070
75.95   10.77332
76.30   10.40569
76.65   10.70580
77.00   10.05412
77.35    9.96823
77.70   10.52120
78.05   10.72232
78.40   10.12456
78.75   10.78026
79.10   11.97696
79.45   12.00888
79.80   12.44534
80.15   10.26508
80.50   12.19046
80.85   11.90430
81.20   11.08631
81.55   10.99504
81.90   11.17499
82.25   11.07972
82.60   10.20540
82.95   10.64120
83.30   10.40853
83.65   11.18152
84.00   10.70725
84.35   11.51595
84.70   11.41264
85.05   12.15208
85.40   10.82577
85.75   11.76015
86.10   11.41007
86.45   10.09071
86.80   10.33907
87.15   10.24500
87.50   10.46758
87.85   11.42544
88.20   11.69915
88.55   10.33059
88.90   10.46157
89.25    9.97230
89.60   10.53796
89.95   10.56353
90.30    9.77660
90.65   10.19784
91.00   10.59455
91.35   11.02893
91.70   10.74113
92.05    8.75782
92.40    9.58981
92.75    7.77222
93.10    7.13581
93.45    8.85603
93.80    9.50988
94.15    9.72689
94.50    8.29531
94.85    8.48195
95.20   11.13973
95.55   10.54957
95.90    8.77190
96.25    9.93077
96.60   10.77356
96.95   10.52583
97.30   11.52617
97.65   11.17209
98.00   10.81431
98.35    9.30896
98.70    8.59673
99.05    8.66310
99.40   10.72770
99.75   11.39321
100.10   11.95324
100.45   11.46433
100.80   11.22664
101.15    9.79520
101.50   11.60943
101.85   12.24077
102.20   10.74180
102.55   11.47893
102.90   10.77671
103.25   10.39337
103.60   10.84359
103.95    9.91255
104.30   10.17834
104.65   10.98713
105.00   10.96851
105.35   11.16947
105.70   11.04766
106.05   11.34593
106.40   11.22999
106.75   10.73832
107.10   11.03873
107.45   10.60660
107.80   10.15059
108.15   10.09230
108.50    8.96620
108.85    9.33301
109.20   11.06769
109.55   10.98382
109.90   11.07796
110.25   11.38424
110.60   12.30756
110.95   11.08367
111.30   11.09386
111.65   11.24874
112.00   11.00511
112.35   10.48008
112.70   11.99240
113.05   10.54647
113.40   10.90425
113.75    9.61134
114.10   10.85305
114.45   11.83230
114.80   12.08330
115.15   12.28237
115.50   12.35018
115.85   12.19945
116.20   11.11065
116.55   11.67066
116.90   10.95115
117.25   10.83667
117.60   11.69437
117.95   11.74093
118.30   11.36888
118.65   10.71150
119.00   12.45278
119.35   11.86890
119.70   11.10108
120.05   11.11405
120.40   11.43858
120.75    9.50696
121.10   11.29051
121.45   11.87954
121.80   10.49198
122.15   12.02219
122.50   11.98755
122.85   10.26569
123.20   11.24025
123.55   11.61089
123.90   11.83631
124.25    8.45074
124.60    8.94456
124.95    8.26756
125.30    8.71635
125.65    8.15011
126.00   10.10712
126.35   10.94024
126.70   11.42935
127.05    9.12097
127.40    9.14903
127.75    9.93508
128.10   12.23643
128.45   12.19142
128.80   11.21507
129.15   10.75078
129.50   11.23983
129.85   12.29290
130.20   11.09055
130.55   10.65236
130.90   10.41391
131.25   11.20096
131.60   10.72671
131.95   10.97762
132.30   10.80696
132.65   11.72392
133.00   12.05847
133.35   11.56652
133.70   10.65331
134.05   12.29720
134.40   11.63599
134.75   11.90871
135.10   12.04809
135.45   10.36565
135.80   10.86459
136.15   11.40056
136.50   10.64767
136.85   11.73121
137.20   12.19775
137.55   11.74922
137.90    9.30262
138.25    9.69052
138.60   10.29688
138.95   11.98336
139.30    9.53867
139.65   11.41699
140.00   11.48665
140.35   11.20017
140.70   11.33083
141.05   12.28584
141.40   12.05884
141.75   11.46212
142.10   10.95892
142.45   11.98498
142.80   11.74235
143.15   10.92884
143.50   10.97668
143.85   11.05751
144.20   11.21316
144.55   10.88739
144.90   11.19212
145.25   11.64307
145.60   10.94923
145.95   11.64630
146.30   12.03777
146.65   12.10316
147.00   11.44903
147.35   12.27565
147.70   12.31802
148.05   12.32666
148.40   11.88848
148.75   11.82300
149.10   12.04364
149.45   12.13222
149.80   11.60776
150.15   11.98804
150.50   11.81550
150.85   11.04002
151.20   11.40823
151.55   11.28272
151.90   11.44130
152.25   11.38496
152.60   11.79381
152.95   11.72526
153.30   11.60102
153.65   11.52300
154.00   12.00895
154.35   11.59353
154.70   11.52024
155.05   11.43701
155.40   11.92346
155.75   12.30613
156.10   10.35774
156.45   10.95459
156.80    9.90345
157.15   10.99714
157.50   11.10821
157.85   12.10862
158.20   11.74010
158.55   11.77591
158.90   12.13383
159.25   12.37881
159.60   11.18781
159.95   11.51891
160.30   12.40146
160.65   10.13575
161.00   11.25623
161.35   10.75906
161.70   11.20081
162.05   11.26006
162.40   11.84606
162.75   11.17071
163.10   11.36379
163.45   11.79452
163.80   11.37397
164.15   10.03670
164.50   10.29608
164.85   10.91232
165.20   10.87349
165.55   11.15008
165.90   10.43694
166.25   11.50661
166.60   11.11130
166.95   11.35888
167.30   11.32379
167.65   11.18071
168.00   12.03937
168.35   11.37867
168.70   11.30071
169.05   11.39190
169.40   10.67179
169.75   12.18405
170.10   11.15621
170.45   10.91833
170.80   11.41749
171.15   12.28083
171.50   11.78717
171.85   11.81323
172.20   11.33897
172.55   12.09074
172.90   11.81123
173.25   11.53362
173.60    9.50132
173.95   10.09719
174.30    9.50357
174.65   10.38200
175.00   10.24198
175.35    9.18455
175.70    9.96902
176.05    9.15655
176.40    9.28151
176.75    8.88455
177.10    9.65366
177.45   10.17012
177.80    9.05425
178.15   10.61628
178.50   10.14185
178.85   11.01165
179.20   11.27941
179.55    9.61166
179.90    9.42755
180.25    9.24367
180.60    8.69320
180.95   10.85740
181.30    9.40877
181.65   10.17994
182.00    9.29927
182.35   12.26878
182.70    8.98780
183.05   10.53191
183.40   11.31055
183.75   10.59909
184.10   10.09819
184.45   10.73662
184.80   11.03696
185.15   11.35633
185.50   10.66141
185.85   11.18500
186.20   11.83111
186.55   11.32117
186.90    9.51298
187.25   11.10777
187.60   11.31261
187.95   10.38946
188.30   11.60104
188.65   12.19599
189.00   11.97109
189.35   11.34113
189.70   10.82523
190.05   10.15667
190.40   10.80094
190.75   10.48257
191.10   11.46568
191.45   10.77906
191.80   11.45434
192.15   11.03218
192.50   10.96761
192.85   11.23119
193.20   11.08763
193.55   10.80893
193.90   10.75642
194.25   11.45503
194.60   11.01724
194.95   11.56258
195.30   11.65250
195.65   11.58285
196.00   11.39985
196.35   12.23633
196.70   10.60403
197.05   11.21679
197.40   11.16404
197.75   11.19389
198.10   10.68909
198.45   11.91715
198.80   11.12955
199.15   10.44735
199.50   10.03957
199.85   10.89970
200.20    9.50935
200.55    9.28357
200.90   10.59227
201.25    9.82655
201.60    8.71381
201.95   10.68734
202.30   11.82446
202.65   11.75040
203.00   11.37436
203.35   10.78732
203.70   11.20265
204.05   12.30653
204.40   11.77215
204.75   11.26679
205.10   11.03655
205.45   11.92324
205.80   12.30528
206.15   11.56831
206.50   11.94918
206.85   11.58215
207.20   11.31013
207.55   10.87394
207.90   11.42093
208.25    9.21778
208.60   10.49814
208.95   10.77231
209.30   11.64897
209.65   11.67800
210.00   11.46686
210.35   10.94646
210.70   11.57506
211.05   11.23780
211.40   11.63098
211.75   11.52518
212.10   11.86228
212.45   11.66282
212.80   11.50140
213.15   12.16015
213.50   12.49382
213.85   12.47852
214.20   12.27075
214.55   12.47342
214.90   11.78525
215.25   12.19121
215.60   11.28460
215.95    9.84890
216.30   11.30132
216.65   12.07741
217.00   12.31452
217.35   11.62345
217.70   10.69602
218.05   11.11030
218.40   11.47995
218.75   12.07383
219.10   12.32607
219.45   11.48274
219.80   11.40212
220.15   11.21206
220.50   11.98504
220.85   11.68636
221.20   11.52540
221.55    8.59022
221.90    9.76497
222.25    9.56272
222.60   11.10200
222.95   11.94212
223.30   10.73136
223.65    9.73589
224.00   12.46474
224.35   11.84103
224.70   12.58556
225.05   11.44854
225.40   11.34124
225.75   11.47078
226.10   11.86419
226.45   12.09667
226.80   11.54474
227.15   11.23419
227.50   11.85433
227.85   10.36064
228.20   10.20315
228.55   12.30869
228.90   11.59145
229.25   11.62901
229.60   11.20244
229.95   11.28901
230.30    9.34866
230.65   10.62354
231.00   11.85801
231.35    9.80221
231.70   11.58331
232.05   10.99215
232.40   11.72949
232.75   12.35205
233.10   11.87815
233.45   11.71893
233.80   11.85539
234.15   12.23288
234.50   12.01907
234.85   10.75152
235.20   12.05076
235.55   10.05909
235.90   11.13355
236.25   10.76802
236.60   10.89442
236.95   11.45823
237.30   11.34198
237.65   10.54714
238.00   10.71674
238.35   11.15129
238.70   10.55452
239.05   12.00015
239.40   11.88234
239.75   11.48645
240.10    9.52281
240.45   10.51047
240.80   10.32716
241.15   10.39668
241.50    9.54010
241.85    8.83101
242.20    9.96659
242.55   11.36892
242.90   11.28853
243.25   12.02723
243.60   11.40553
243.95   10.15853
244.30   10.15107
244.65   10.57469
245.00   11.24190
245.35   11.26061
245.70   10.92840
246.05   11.68016
246.40   10.13990
246.75   10.56324
247.10   12.44495
247.45   10.15616
247.80   11.43061
248.15    9.91578
248.50   10.55300
248.85    9.74617
249.20   12.14442
249.55   11.36607
249.90   10.86973
