# constriction site width [nm] vs time [ns]
 0.00    9.99446
 0.35    9.22008
 0.70   10.29515
 1.05   10.05714
 1.40   10.14583
 1.75    9.37397
 2.10    9.70889
 2.45    9.97128
 2.80   10.12950
 3.15   10.35178
 3.50   11.75801
 3.85   10.24076
 4.20   10.85071
 4.55   10.48975
 4.90    7.83169
 5.25    9.28518
 5.60    8.85362
 5.95    9.26987
 6.30   10.18917
 6.65    9.49280
 7.00   11.71672
 7.35   10.50642
 7.70    9.64349
 8.05   10.87707
 8.40    8.11767
 8.75    8.82692
 9.10    6.72789
 9.45    9.34778
 9.80    9.07467
10.15    9.56867
10.50    8.58737
10.85    9.66771
11.20    9.02331
11.55    7.98341
11.90   11.21381
12.25   10.25919
12.60   11.42138
12.95   10.81688
13.30    9.65396
13.65   10.79905
14.00    9.01743
14.35   10.10744
14.70    8.54981
15.05    9.74393
15.40   10.46865
15.75   11.66479
16.10    9.73756
16.45   10.02385
16.80   10.41892
17.15   10.11072
17.50   10.39562
17.85   10.06757
18.20   10.09794
18.55   10.79130
18.90    9.15249
19.25   11.31774
19.60   11.05613
19.95   11.13573
20.30   10.97163
20.65   10.67712
21.00   10.57699
21.35   10.76786
21.70   10.03331
22.05   10.93959
22.40   10.42906
22.75   10.07172
23.10    9.94988
23.45   10.41217
23.80    9.10929
24.15   10.71598
24.50   10.18578
24.85   10.43736
25.20   10.59553
25.55   10.07715
25.90   11.03100
26.25   10.06035
26.60   10.59602
26.95   10.73937
27.30   11.06860
27.65   10.24180
28.00   10.65060
28.35   10.60872
28.70   10.80246
29.05   10.06740
29.40   11.30292
29.75    9.58583
30.10   10.95029
30.45   10.81454
30.80   11.08758
31.15   10.44684
31.50   10.30520
31.85   11.22492
32.20   10.60753
32.55   10.62755
32.90   10.57548
33.25   10.40093
33.60    9.69871
33.95    9.61712
34.30   10.94668
34.65   11.04272
35.00   10.86568
35.35   10.50953
35.70   10.61427
36.05   10.80168
36.40   10.34825
36.75    9.54341
37.10   10.41931
37.45   11.05854
37.80   10.33287
38.15   10.87308
38.50   10.65781
38.85   10.95756
39.20   10.87331
39.55   10.25378
39.90   10.15638
40.25   10.62403
40.60   10.68270
40.95   11.04245
41.30    9.87922
41.65   10.45061
42.00   10.81428
42.35   10.65681
42.70   10.05519
43.05    9.41855
43.40   10.59521
43.75   10.78239
44.10   10.80732
44.45   10.38105
44.80    9.18337
45.15   10.46425
45.50   10.60152
45.85   10.63110
46.20   10.40371
46.55   10.79319
46.90   10.81073
47.25   10.70569
47.60   10.76592
47.95   10.64863
48.30    9.94910
48.65   10.80053
49.00   11.03080
49.35   11.23810
49.70   10.48915
50.05   10.60318
50.40   10.57813
50.75   10.46319
51.10   10.21529
51.45   10.08971
51.80    9.69683
52.15   10.46025
52.50   10.34135
52.85   10.51501
53.20   10.10957
53.55    9.90360
53.90   10.26441
54.25    9.98956
54.60   10.58998
54.95   11.05283
55.30   10.92338
55.65   10.14549
56.00   10.92999
56.35   11.08016
56.70   11.71163
57.05   11.23909
57.40   10.92077
57.75   10.58174
58.10   10.28017
58.45    9.10765
58.80   11.26640
59.15   10.79558
59.50   10.56949
59.85    9.02319
60.20    9.49375
60.55   10.83251
60.90   10.15229
61.25    9.82003
61.60   10.78626
61.95   11.36263
62.30   10.53101
62.65   11.28788
63.00   10.43904
63.35   10.83939
63.70   10.55692
64.05   10.85853
64.40   10.11616
64.75   11.62096
65.10   11.03720
65.45   11.17414
65.80   10.59322
66.15    9.91641
66.50   10.46772
66.85   11.05717
67.20   10.48374
67.55   10.03055
67.90   10.03776
68.25   10.85836
68.60   10.28970
68.95   10.57880
69.30   11.15350
69.65   10.67786
70.00   10.45724
70.35   10.24497
70.70   10.32499
71.05   10.09225
71.40   10.62199
71.75   10.83636
72.10   10.85298
72.45   10.15546
72.80   10.13770
73.15   10.65586
73.50    9.95790
73.85    9.79583
74.20   10.61396
74.55    9.87019
74.90   10.41083
75.25   10.41910
75.60   10.06737
75.95   10.53275
76.30   10.49829
76.65   11.81554
77.00   10.25180
77.35   10.98414
77.70   10.79490
78.05   11.11528
78.40   10.25366
78.75   10.63426
79.10   10.95625
79.45   11.45492
79.80   11.18969
80.15    9.14092
80.50   10.56491
80.85   11.57608
81.20   10.82760
81.55   10.79144
81.90   12.18479
82.25   10.85543
82.60   10.63221
82.95   10.22832
83.30   10.73897
83.65   10.83020
84.00   10.81151
84.35   11.19084
84.70   11.43344
85.05   11.41216
85.40   10.16137
85.75    9.97264
86.10   11.14032
86.45   10.68888
86.80   10.07207
87.15   10.57324
87.50   11.87011
87.85   10.01832
88.20   10.65752
88.55   10.71160
88.90   11.07862
89.25   10.88334
89.60   10.45822
89.95   10.44687
90.30   11.19514
90.65   11.40288
91.00   11.53937
91.35   10.38718
91.70   10.86299
92.05   10.39636
92.40   10.41379
92.75   10.32856
93.10   10.74640
93.45   10.52301
93.80   10.99508
94.15   10.96167
94.50   11.09329
94.85   10.83736
95.20   10.45761
95.55   10.38561
95.90    9.15466
96.25   11.23143
96.60   10.39071
96.95   11.11177
97.30   11.18723
97.65   11.32783
98.00   10.99885
98.35   10.08299
98.70   10.20173
99.05   10.17459
99.40    9.55109
99.75   10.02964
100.10    9.88114
100.45   10.08101
100.80   10.30334
101.15    9.94533
101.50   10.54574
101.85   10.78095
102.20   10.22143
102.55   10.08096
102.90   10.92478
103.25   10.19483
103.60    9.32063
103.95   10.60546
104.30   10.46279
104.65   10.58170
105.00   10.58674
105.35   10.05908
105.70   10.24596
106.05   10.55367
106.40   10.64273
106.75   10.87094
107.10   10.32492
107.45   10.04320
107.80   10.14436
108.15    9.71742
108.50   10.32191
108.85   10.63957
109.20   10.18663
109.55   10.44752
109.90   10.38109
110.25   10.27545
110.60   10.89249
110.95   10.86963
111.30    9.73598
111.65   11.02162
112.00   10.36812
112.35   10.39338
112.70   10.24904
113.05   10.82922
113.40   11.62027
113.75   10.89739
114.10    9.07696
114.45    9.16605
114.80    8.00561
115.15    7.85230
115.50    5.97792
115.85    6.24176
116.20    7.79937
116.55    9.32297
116.90   10.43334
117.25    9.42564
117.60    9.87442
117.95   10.37120
118.30    9.65928
118.65   10.97387
119.00   10.32032
119.35   10.52710
119.70   10.49902
120.05   10.27801
120.40   10.46097
120.75    9.63298
121.10   10.70247
121.45   10.74533
121.80   11.16842
122.15   11.11112
122.50    9.85146
122.85   10.53073
123.20   10.87178
123.55   10.33354
123.90   10.40074
124.25    9.42753
124.60    9.56354
124.95    9.82477
125.30    9.35895
125.65   10.58445
126.00    9.92247
126.35   10.18339
126.70    9.85617
127.05   10.35283
127.40    9.63051
127.75   10.26007
128.10   10.21327
128.45    9.95121
128.80   10.15646
129.15   11.02398
129.50   11.32390
129.85   11.08240
130.20   10.29154
130.55   10.90609
130.90   11.18916
131.25   10.48751
131.60   10.65548
131.95    9.79648
132.30    9.62190
132.65   10.68588
133.00   10.20109
133.35   10.77187
133.70    9.97501
134.05   10.55269
134.40   10.89436
134.75   10.62097
135.10   10.62809
135.45   10.93903
135.80   10.86624
136.15   10.78670
136.50    9.71054
136.85   10.36256
137.20    9.64484
137.55   10.73114
137.90    9.34785
138.25    9.52521
138.60   10.14757
138.95    8.90337
139.30    9.49889
139.65   10.70002
140.00    9.60936
140.35   10.59018
140.70   10.49195
141.05   10.32688
141.40    9.71892
141.75   10.72532
142.10   10.22691
142.45    9.51842
142.80   10.27723
143.15    9.34931
143.50   10.52153
143.85   10.01836
144.20    9.97327
144.55   10.26223
144.90    9.90925
145.25    8.73375
145.60    9.42018
145.95    9.68787
146.30    7.19211
146.65    7.72133
147.00    7.57470
147.35    6.39585
147.70    8.57735
148.05    8.14891
148.40   10.64006
148.75   10.29901
149.10    9.81014
149.45    9.95612
149.80    9.99037
150.15   10.08771
150.50   10.73418
150.85   11.35609
151.20   10.39012
151.55   11.32172
151.90   11.00704
152.25   10.04328
152.60    9.61162
152.95   10.62036
153.30   10.07959
153.65   10.43975
154.00   11.02399
154.35   10.72945
154.70   10.55522
155.05   10.67537
155.40   10.54318
155.75   11.65044
156.10   10.68939
156.45   10.08832
156.80   10.51225
157.15   10.60184
157.50   11.01656
157.85   11.64341
158.20   10.94614
158.55   10.64145
158.90    9.98918
159.25   10.07789
159.60   10.71704
159.95   10.34708
160.30    9.46327
160.65   10.38980
161.00   10.74182
161.35    8.24655
161.70   10.06009
162.05   10.71673
162.40   10.32063
162.75   11.29207
163.10   11.12690
163.45   10.60528
163.80   10.95322
164.15   10.66219
164.50   10.07846
164.85   10.81547
165.20   11.87586
165.55   11.00621
165.90   10.75272
166.25    9.56649
166.60   10.77779
166.95   10.59179
167.30   11.34448
167.65   11.09112
168.00   10.46509
168.35   11.08579
168.70    9.52181
169.05    9.83208
169.40   10.74999
169.75   10.24009
170.10   10.67085
170.45   10.73085
170.80   10.63850
171.15   10.88012
171.50   11.16653
171.85   11.33937
172.20   11.76956
172.55   10.69181
172.90   10.93719
173.25   11.73530
173.60   10.83976
173.95   10.86220
174.30   10.84340
174.65   10.17752
175.00   11.03586
175.35   10.60978
175.70   10.62027
176.05   10.70672
176.40   10.82209
176.75   10.88025
177.10   10.44228
177.45   11.08720
177.80   10.37031
178.15   10.23120
178.50   10.64556
178.85   10.40056
179.20   10.31212
179.55   10.70351
179.90    8.63570
180.25   10.22982
180.60   10.59525
180.95    9.81522
181.30   10.23448
181.65   10.49440
182.00   10.43823
182.35    9.38651
182.70   10.97300
183.05   10.25307
183.40   10.17599
183.75    9.69320
184.10   10.35434
184.45   10.52232
184.80   10.25054
185.15   10.19526
185.50    8.65846
185.85    8.91129
186.20   10.08483
186.55   10.17046
186.90   11.02846
187.25    9.76086
187.60    9.96392
187.95   10.26694
188.30    9.45642
188.65    9.62368
189.00   10.59353
189.35    9.70605
189.70   10.39216
190.05   10.91673
190.40   10.38985
190.75   10.34097
191.10    9.16504
191.45   10.06449
191.80    8.97467
192.15   10.31203
192.50   10.75023
192.85    9.62552
193.20   10.59627
193.55   10.17490
193.90   10.16968
194.25   10.41678
194.60   10.69020
194.95   10.48867
195.30    9.27367
195.65   10.88104
196.00   10.23536
196.35   10.89952
196.70   10.61220
197.05   10.07419
197.40   10.96150
197.75   10.55414
198.10   10.37640
198.45   10.72017
198.80   11.73955
199.15   11.57885
199.50   11.32776
199.85   10.74358
200.20   10.63444
200.55   10.80679
200.90   10.74762
201.25   10.89085
201.60   10.40771
201.95   10.25152
202.30   10.51302
202.65   10.58606
203.00   11.25701
203.35   10.63528
203.70   11.83473
204.05   11.43242
204.40   11.31905
204.75   10.64441
205.10   11.31644
205.45   10.39481
205.80   10.71247
206.15   10.51623
206.50   11.46210
206.85   10.30914
207.20    9.57539
207.55   10.84609
207.90   10.29785
208.25   11.26516
208.60   10.93923
208.95   11.09834
209.30   11.55730
209.65   11.06377
210.00   10.86205
210.35   10.52535
210.70   10.41401
211.05   11.17993
211.40   10.94255
211.75   10.68139
212.10   11.32519
212.45   11.31538
212.80   11.14942
213.15   11.25792
213.50    9.98720
213.85   11.23451
214.20   10.58086
214.55   11.19435
214.90   10.05641
215.25   11.33398
215.60   10.64842
215.95   10.59560
216.30   10.60163
216.65   11.20434
217.00   11.11782
217.35   10.60091
217.70   11.04211
218.05   10.58159
218.40   10.87074
218.75   10.44984
219.10   10.55021
219.45   10.38960
219.80   11.08276
220.15   10.67495
220.50   10.75522
220.85    9.75195
221.20   11.21805
221.55   11.14721
221.90   10.42082
222.25   10.88209
222.60    9.85854
222.95    9.56454
223.30   10.08070
223.65   10.62331
224.00    9.84086
224.35   10.00245
224.70   11.15959
225.05   11.64753
225.40   10.83027
225.75   10.36081
226.10   11.34316
226.45   10.83719
226.80   10.81060
227.15   10.23268
227.50   10.40537
227.85    9.26704
228.20   10.48875
228.55   10.83389
228.90   10.86585
229.25   11.09896
229.60   10.99646
229.95   10.46339
230.30   11.09193
230.65   10.49446
231.00   10.73559
231.35   11.43952
231.70   10.17628
232.05    9.84705
232.40   10.33754
232.75   10.20014
233.10   10.07608
233.45    9.20575
233.80    9.26122
234.15    8.27306
234.50    8.67579
234.85    8.56659
235.20    9.48258
235.55    9.41894
235.90    8.34191
236.25    9.27755
236.60    8.18018
236.95    9.02490
237.30    8.28107
237.65    8.82459
238.00    8.26732
238.35    9.42144
238.70    9.60957
239.05    8.97694
239.40    8.67198
239.75   10.69278
240.10    9.12024
240.45   10.10558
240.80    9.49945
241.15   11.02458
241.50   10.43625
241.85   10.26208
242.20    9.83140
242.55   10.81038
242.90   10.58205
243.25   10.44452
243.60    9.84248
243.95    9.48553
244.30    9.92818
244.65    9.39273
245.00    9.58644
245.35   11.18985
245.70   10.81347
246.05   10.55628
246.40    9.35458
246.75    9.77688
247.10    9.81238
247.45    9.93403
247.80    8.64788
248.15    9.83218
248.50    9.55870
248.85    9.52572
249.20    9.52869
249.55    9.97134
249.90    9.85047
