# constriction site width [nm] vs time [ns]
 0.00   10.50673
 0.35   10.22917
 0.70    9.57997
 1.05   10.81383
 1.40   10.06917
 1.75   10.35604
 2.10    9.66598
 2.45    9.94878
 2.80   10.76541
 3.15   10.97955
 3.50   11.12097
 3.85   10.45027
 4.20    9.98319
 4.55    8.72220
 4.90    8.71657
 5.25    9.47807
 5.60    9.24332
 5.95    8.75399
 6.30    9.17898
 6.65    9.55157
 7.00    9.55778
 7.35    9.81238
 7.70    9.66769
 8.05    9.12021
 8.40    8.63788
 8.75   10.64457
 9.10   10.17443
 9.45   10.33370
 9.80   10.66586
10.15   10.45396
10.50   10.65538
10.85    9.04887
11.20   11.04911
11.55    9.72667
11.90    9.97044
12.25    9.90253
12.60    9.41450
12.95    9.01610
13.30   10.36022
13.65    9.93737
14.00   10.17661
14.35    9.79848
14.70    9.75636
15.05    9.75069
15.40   10.27047
15.75    9.94302
16.10    8.70331
16.45   10.22335
16.80   10.78624
17.15   10.36265
17.50   10.91577
17.85   10.26701
18.20   11.04580
18.55   10.32269
18.90   10.36436
19.25    9.63279
19.60   10.15285
19.95   10.46397
20.30    9.78812
20.65    9.30765
21.00    8.75784
21.35    9.35227
21.70    8.35384
22.05    8.00014
22.40    9.98857
22.75    9.32528
23.10    9.65196
23.45    9.77810
23.80    9.52336
24.15    7.86112
24.50    8.91341
24.85    8.14453
25.20    8.60310
25.55    8.57350
25.90    7.92082
26.25    7.63844
26.60    8.94970
26.95    8.30479
27.30    8.07469
27.65    6.48349
28.00    8.11705
28.35    7.49286
28.70    7.19294
29.05    6.67244
29.40    8.54292
29.75    8.86679
30.10    6.42142
30.45    8.35282
30.80    6.76575
31.15    8.19319
31.50    8.23782
31.85    9.34957
32.20   10.01636
32.55    8.80381
32.90    8.90344
33.25    9.11430
33.60   10.34077
33.95   11.13253
34.30    9.89072
34.65    9.62749
35.00    8.96310
35.35    9.62025
35.70    8.92591
36.05    9.07928
36.40    8.96647
36.75    8.32952
37.10    8.42601
37.45    9.33280
37.80    6.52695
38.15    8.38381
38.50    7.87334
38.85    8.43884
39.20    8.56549
39.55    9.09686
39.90    8.95999
40.25    7.16963
40.60    5.92678
40.95    7.18447
41.30    9.92639
41.65    9.44367
42.00    9.07419
42.35    9.61056
42.70    9.44485
43.05    9.45313
43.40    9.42142
43.75    9.29772
44.10    8.04015
44.45    7.62466
44.80    7.99794
45.15    7.57317
45.50    7.52368
45.85    8.52133
46.20    9.22797
46.55    9.02003
46.90    7.75995
47.25    7.27056
47.60    6.59030
47.95    7.22934
48.30    5.87589
48.65    7.95141
49.00    9.40776
49.35    7.65192
49.70    7.73065
50.05    7.73570
50.40    6.84680
50.75    6.98445
51.10    9.06296
51.45    6.13354
51.80    8.12852
52.15    8.90548
52.50    8.62404
52.85    9.67412
53.20    9.46813
53.55    9.73037
53.90    8.31689
54.25    6.88656
54.60    7.25902
54.95    6.35084
55.30    9.42959
55.65    7.22746
56.00    6.49243
56.35    8.17153
56.70    7.82164
57.05    8.76843
57.40    9.01779
57.75    7.35000
58.10    8.45275
58.45    8.97424
58.80    9.56351
59.15    8.38109
59.50    7.09924
59.85    6.91088
60.20    7.81601
60.55    8.82955
60.90    8.22363
61.25    6.33194
61.60    8.79687
61.95    9.01047
62.30    7.60254
62.65    7.22653
63.00    9.39190
63.35    9.63035
63.70    9.06439
64.05    8.66187
64.40    8.34675
64.75    8.90150
65.10    7.45136
65.45    8.29726
65.80    8.67110
66.15    8.20714
66.50    7.89954
66.85    8.88978
67.20    7.39106
67.55    9.00956
67.90    9.27001
68.25    7.13979
68.60    7.30947
68.95    8.04981
69.30    8.18338
69.65    7.71223
70.00    7.46102
70.35    8.37318
70.70    7.44944
71.05    7.42512
71.40    8.74952
71.75    9.56165
72.10    8.31038
72.45    8.09771
72.80    8.61971
73.15    9.81168
73.50    9.77927
73.85    9.04713
74.20    8.61551
74.55    8.84395
74.90    9.28262
75.25    8.51257
75.60    9.42538
75.95    9.89995
76.30    8.63694
76.65    8.09095
77.00    9.94924
77.35    9.30164
77.70   11.20951
78.05    8.81423
78.40   10.14629
78.75   11.16930
79.10    8.94456
79.45    8.87957
79.80    8.60997
80.15    8.72516
80.50    9.13517
80.85    9.43651
81.20    8.31039
81.55    8.92830
81.90    9.62141
82.25   11.32598
82.60    9.72787
82.95   10.47285
83.30   10.74552
83.65    8.71198
84.00   11.21997
84.35    9.98750
84.70    9.80249
85.05    9.36451
85.40   10.07170
85.75   10.03285
86.10   10.21547
86.45    9.56720
86.80   10.30508
87.15    7.87226
87.50   10.02484
87.85    8.77880
88.20   11.33967
88.55   10.42374
88.90   11.43216
89.25   11.78111
89.60    8.74494
89.95    6.61716
90.30    9.74978
90.65    9.91146
91.00    9.63299
91.35   10.76450
91.70   12.35482
92.05   10.89782
92.40    9.04538
92.75    9.80161
93.10   11.43706
93.45   10.08167
93.80   11.12583
94.15    9.07023
94.50   10.52574
94.85    9.96170
95.20    5.94565
95.55   10.16318
95.90   10.43129
96.25    9.75613
96.60    9.84896
96.95    9.15071
97.30    9.30112
97.65    9.08577
98.00    9.41611
98.35    8.84297
98.70    9.56952
99.05    7.87965
99.40   10.05934
99.75    8.89230
100.10    9.94250
100.45    9.69165
100.80    6.66758
101.15    6.20043
101.50    7.81232
101.85   10.70854
102.20    9.44793
102.55    9.11729
102.90   10.35135
103.25   10.07867
103.60    9.13474
103.95    8.81042
104.30    7.44052
104.65    6.91160
105.00    9.09686
105.35    6.00354
105.70    4.76466
106.05    6.44376
106.40    9.31714
106.75    9.29453
107.10    9.59686
107.45    9.57435
107.80    8.11912
108.15    6.69284
108.50    7.84547
108.85    5.21057
109.20    6.77585
109.55    6.03770
109.90    6.07290
110.25    9.43109
110.60    7.90135
110.95    8.33481
111.30    8.25960
111.65    7.13579
112.00    7.04573
112.35    8.96315
112.70    8.82330
113.05    8.49416
113.40    8.71793
113.75    7.32960
114.10    7.51902
114.45    5.57842
114.80   10.07934
115.15    9.62007
115.50   10.28110
115.85    9.82104
116.20    9.13738
116.55    8.61077
116.90    9.49148
117.25    7.70251
117.60    9.63955
117.95    8.83128
118.30    7.22024
118.65    6.62321
119.00    6.89312
119.35    7.55943
119.70    7.87813
120.05    9.98031
120.40    7.49639
120.75    8.22539
121.10    8.10495
121.45    6.51106
121.80    6.21446
122.15    6.16074
122.50    6.71366
122.85    7.47686
123.20    7.81916
123.55    8.56139
123.90    8.18932
124.25    8.91572
124.60    9.00327
124.95    8.80628
125.30    8.64738
125.65    7.96810
126.00    8.04456
126.35    8.86164
126.70    9.23963
127.05    8.48825
127.40    8.80867
127.75    7.71480
128.10    7.31946
128.45    8.17404
128.80    8.69280
129.15    8.20358
129.50    9.01136
129.85    8.80094
130.20    8.04349
130.55    8.44427
130.90    8.12786
131.25    9.64307
131.60    8.27022
131.95    8.02579
132.30    9.30164
132.65    8.74534
133.00    8.76106
133.35    8.52141
133.70    8.77629
134.05    9.51282
134.40    7.49580
134.75    8.22529
135.10    7.93763
135.45    8.97197
135.80    8.76152
136.15    7.90404
136.50    8.14741
136.85    7.80678
137.20    8.32152
137.55    8.52470
137.90    8.60759
138.25    7.98435
138.60    7.91792
138.95    8.69720
139.30    7.45409
139.65    7.92720
140.00    8.46251
140.35    8.94955
140.70    8.14046
141.05    8.74658
141.40    7.71864
141.75    7.92790
142.10    7.95078
142.45    8.24852
142.80    8.11096
143.15    8.09571
143.50    8.91827
143.85    7.86279
144.20    8.46117
144.55    7.17496
144.90    7.85857
145.25    7.53671
145.60    7.69198
145.95    8.11620
146.30    7.49119
146.65    7.83100
147.00    7.66697
147.35    6.26908
147.70    8.03078
148.05    8.76551
148.40    8.21977
148.75    7.12705
149.10    6.94881
149.45    7.94083
149.80    7.93324
150.15    7.62769
150.50    7.73309
150.85    6.45637
151.20    7.72139
151.55    7.92851
151.90    8.46465
152.25    8.27689
152.60    8.22684
152.95    8.28337
153.30    8.50536
153.65    8.19896
154.00    7.74178
154.35    8.01267
154.70    7.72892
155.05    7.98951
155.40    8.18501
155.75    8.67451
156.10    7.96164
156.45    7.89220
156.80    7.85780
157.15    6.74007
157.50    7.76682
157.85    7.62537
158.20    7.38362
158.55    7.76384
158.90    6.90984
159.25    7.32357
159.60    8.91396
159.95    8.14886
160.30    6.99766
160.65    7.31953
161.00    7.31249
161.35    8.15909
161.70    7.94035
162.05    8.56940
162.40    8.04877
162.75    7.59486
163.10    7.58734
163.45    7.33492
163.80    7.80575
164.15    7.54905
164.50    7.54004
164.85    7.06720
165.20    7.12533
165.55    7.33805
165.90    8.26733
166.25    7.26311
166.60    7.48368
166.95    8.09233
167.30    8.16394
167.65    7.72762
168.00    6.98222
168.35    7.58921
168.70    7.65722
169.05    8.31915
169.40    7.98535
169.75    8.60132
170.10    7.84300
170.45    8.90588
170.80    7.66999
171.15    8.84612
171.50    7.92158
171.85    8.63232
172.20    7.80376
172.55    7.16925
172.90    8.46698
173.25    7.91944
173.60    7.63985
173.95    7.69662
174.30    7.80178
174.65    7.66894
175.00    6.77689
175.35    7.77198
175.70    7.09842
176.05    7.96165
176.40    8.30235
176.75    8.05544
177.10    8.81691
177.45    8.30510
177.80    7.72182
178.15    8.82254
178.50    8.30362
178.85    8.37350
179.20    8.94563
179.55    8.00481
179.90    8.35491
180.25    8.98200
180.60    8.25827
180.95    9.29129
181.30    8.43510
181.65    8.27321
182.00    8.43671
182.35    8.66362
182.70    7.73848
183.05    7.85781
183.40    9.05917
183.75    8.17998
184.10    7.69458
184.45    7.61236
184.80    8.76732
185.15    7.81591
185.50    8.93238
185.85    7.76070
186.20    8.28618
186.55    7.30823
186.90    7.56036
187.25    7.69800
187.60    7.68386
187.95    8.05881
188.30    7.63858
188.65    8.05625
189.00    8.08268
189.35    8.20835
189.70    7.19229
190.05    7.45166
190.40    7.04351
190.75    7.80685
191.10    7.26037
191.45    6.72510
191.80    7.66116
192.15    6.92937
192.50    7.54798
192.85    6.89088
193.20    8.32172
193.55    8.37814
193.90    6.16798
194.25    7.70397
194.60    7.45975
194.95    7.99536
195.30    7.67308
195.65    6.77115
196.00    7.31538
196.35    7.71719
196.70    7.91079
197.05    7.50328
197.40    7.25789
197.75    7.40105
198.10    7.62828
198.45    8.22029
198.80    8.52504
199.15    8.90209
199.50    8.18036
199.85    8.05771
200.20    7.68338
200.55    7.72701
200.90    7.08439
201.25    7.52119
201.60    9.03410
201.95    8.48893
202.30    7.30632
202.65    9.00813
203.00    7.88634
203.35    7.82884
203.70    7.26879
204.05    7.46052
204.40    7.64661
204.75    9.51310
205.10    7.29232
205.45    7.40164
205.80    6.16210
206.15    6.90669
206.50    6.35115
206.85    6.87588
207.20    7.01043
207.55    7.69097
207.90    6.70433
208.25    6.38000
208.60    6.83738
208.95    6.49770
209.30    6.30937
209.65    7.40932
210.00    8.09349
210.35    8.60327
210.70    8.20955
211.05    7.25831
211.40    6.72086
211.75    8.23146
212.10    7.91458
212.45    7.44388
212.80    8.58023
213.15    7.11834
213.50    7.88227
213.85    8.31223
214.20    7.37340
214.55    7.27439
214.90    8.72738
215.25    7.63802
215.60    7.32247
215.95    8.33355
216.30    7.39320
216.65    8.65833
217.00    8.27695
217.35    7.22977
217.70    8.03982
218.05    7.25122
218.40    9.03042
218.75    8.79929
219.10    8.09831
219.45    7.41176
219.80    9.84544
220.15    9.96418
220.50   10.03194
220.85    9.75302
221.20    8.77491
221.55    9.10107
221.90    9.37956
222.25    8.79124
222.60    9.34516
222.95    8.88015
223.30    9.43830
223.65    8.59075
224.00    8.80319
224.35    9.67485
224.70    8.93680
225.05    7.58624
225.40    9.43547
225.75    8.72225
226.10    9.13928
226.45    8.92951
226.80    9.65412
227.15    8.53976
227.50    8.92881
227.85    8.48816
228.20    8.85012
228.55    8.03356
228.90    8.22245
229.25    8.43175
229.60    8.99719
229.95    8.94519
230.30    8.84904
230.65    9.18848
231.00    9.93131
231.35    6.86609
231.70    8.48165
232.05    7.72825
232.40    7.91993
232.75    6.36410
233.10    7.31034
233.45    6.81468
233.80    7.80908
234.15    8.00829
234.50    8.59644
234.85    8.10693
235.20    7.43495
235.55    8.41932
235.90    8.14414
236.25    7.45300
236.60    8.45113
236.95    9.12101
237.30    7.80986
237.65    9.22543
238.00    8.82327
238.35    8.22491
238.70    8.98418
239.05    8.58015
239.40    8.14952
239.75    7.37926
240.10    8.44948
240.45    8.31436
240.80    7.68636
241.15    8.30428
241.50    8.18437
241.85    8.43531
242.20    7.84564
242.55    8.24099
242.90    8.66290
243.25    8.81127
243.60    7.54291
243.95    6.89093
244.30    8.27741
244.65    8.36317
245.00    7.82825
245.35    7.65843
245.70    7.76020
246.05    8.38190
246.40    7.84682
246.75    7.07985
247.10    8.47460
247.45    9.58767
247.80    8.94240
248.15    8.95225
248.50    9.25492
248.85    8.46117
249.20    8.77127
249.55    8.64536
249.90    9.26275
