# constriction site width [nm] vs time [ns]
 0.00   10.53671
 0.35   11.65138
 0.70   11.79388
 1.05   11.09240
 1.40   11.32884
 1.75   11.20401
 2.10   11.46237
 2.45   11.77733
 2.80   11.51337
 3.15   11.62139
 3.50   11.42851
 3.85   11.10772
 4.20   10.57959
 4.55   10.95132
 4.90   11.21072
 5.25   10.88265
 5.60   11.14347
 5.95   10.59292
 6.30   10.86340
 6.65   11.01242
 7.00   10.82633
 7.35   10.74841
 7.70   10.63747
 8.05   10.53642
 8.40   10.89354
 8.75   10.71105
 9.10   10.98982
 9.45    9.10762
 9.80    9.62134
10.15    9.73329
10.50    9.54840
10.85   10.84680
11.20   10.08044
11.55   10.71594
11.90   10.35290
12.25   10.82239
12.60   11.09047
12.95   10.85837
13.30   11.01796
13.65   10.55257
14.00   10.34128
14.35   10.36003
14.70   11.62146
15.05   11.32596
15.40   11.45197
15.75   11.16686
16.10   11.25421
16.45   11.54842
16.80   11.94450
17.15   11.20679
17.50   11.79446
17.85   11.71005
18.20   11.45355
18.55   11.73049
18.90   11.45330
19.25   11.51839
19.60   10.35295
19.95   11.45028
20.30   11.59428
20.65   11.53802
21.00   11.46192
21.35   10.99990
21.70   11.37636
22.05   12.02765
22.40   11.88038
22.75   11.83060
23.10   11.42877
23.45   12.22946
23.80   11.51066
24.15   10.80797
24.50   10.98098
24.85   11.34067
25.20   11.71335
25.55   11.24199
25.90   11.50824
26.25   10.70591
26.60   11.53500
26.95   11.61507
27.30   11.67098
27.65   10.75061
28.00   11.56845
28.35   11.64053
28.70   11.15884
29.05   11.77960
29.40   11.45094
29.75   11.26879
30.10   11.76914
30.45   10.71923
30.80   11.28573
31.15   11.56288
31.50   11.49232
31.85   10.91460
32.20   10.70736
32.55   11.23492
32.90   11.40647
33.25   10.82361
33.60   10.94408
33.95   11.27976
34.30   11.80997
34.65   12.32576
35.00   12.45342
35.35   11.56097
35.70   11.49778
36.05   11.68939
36.40   11.03395
36.75   11.88695
37.10   11.53237
37.45   10.76578
37.80   11.08612
38.15   11.34572
38.50   11.22445
38.85   11.02496
39.20   10.77757
39.55   11.47153
39.90   11.48116
40.25   11.84908
40.60   11.41376
40.95   10.82733
41.30   10.73308
41.65   11.67290
42.00   11.58540
42.35   11.50968
42.70   10.88066
43.05   11.33553
43.40   11.49903
43.75   11.65376
44.10   10.15859
44.45   10.73966
44.80   10.55220
45.15   10.53116
45.50   10.28108
45.85   10.07557
46.20    9.70788
46.55   10.45396
46.90   10.17155
47.25   10.37707
47.60   10.63078
47.95   10.93159
48.30   10.55850
48.65   10.83677
49.00   10.95516
49.35   10.95213
49.70   10.60532
50.05   10.93523
50.40   11.18618
50.75   10.64461
51.10   11.21964
51.45   11.04129
51.80   10.71093
52.15   11.30188
52.50   10.28087
52.85   10.59158
53.20   10.82226
53.55   10.32273
53.90   11.21992
54.25   10.72425
54.60   11.14678
54.95   10.84940
55.30   11.18482
55.65   11.08648
56.00   10.32657
56.35   10.95841
56.70   11.44655
57.05   10.79200
57.40   10.28712
57.75   11.29481
58.10   11.52405
58.45   10.23033
58.80   11.12571
59.15   10.33898
59.50   10.96031
59.85   11.17707
60.20   10.13826
60.55   10.55667
60.90   10.66896
61.25   10.54275
61.60   10.39660
61.95   10.42393
62.30    9.79425
62.65   10.63037
63.00   10.63423
63.35   11.26514
63.70   10.69532
64.05   10.28517
64.40   10.39318
64.75   10.68852
65.10   10.59483
65.45   11.56242
65.80   10.00620
66.15    8.20340
66.50    7.81329
66.85    7.78253
67.20    8.38393
67.55    8.40095
67.90    8.80376
68.25    8.68514
68.60    8.46584
68.95    8.55592
69.30    8.05126
69.65    6.42216
70.00    6.50275
70.35    7.18237
70.70    7.35979
71.05    6.50122
71.40    6.30518
71.75    7.28018
72.10    6.70411
72.45    6.43109
72.80    6.94527
73.15    8.77281
73.50    6.86782
73.85    9.43188
74.20    6.90371
74.55    6.62339
74.90    8.68889
75.25    8.45601
75.60    8.09225
75.95    7.82247
76.30    9.80715
76.65    9.92806
77.00    6.85492
77.35    9.07922
77.70    7.69346
78.05    6.92479
78.40    7.51753
78.75    8.04162
79.10    7.92960
79.45    7.77582
79.80    7.72566
80.15    7.40103
80.50    8.57025
80.85    7.53708
81.20    7.96055
81.55    7.12091
81.90    7.37722
82.25    7.61457
82.60    7.88427
82.95    7.53116
83.30    7.02917
83.65    7.77594
84.00    7.23510
84.35    7.68682
84.70    6.85466
85.05    7.08988
85.40    7.06820
85.75    7.11740
86.10    6.76125
86.45    6.80498
86.80    6.54450
87.15    7.04818
87.50    9.02037
87.85    8.93576
88.20    8.42313
88.55    8.55140
88.90    7.14975
89.25    7.37106
89.60    7.08590
89.95    7.17016
90.30    7.13887
90.65    6.88826
91.00    7.51177
91.35    8.60829
91.70    7.32453
92.05    8.41363
92.40    6.85252
92.75    8.01939
93.10    8.15434
93.45    9.50163
93.80    9.50205
94.15    8.31308
94.50    8.67125
94.85    9.77339
95.20    9.09957
95.55    7.27848
95.90    7.50964
96.25    8.39146
96.60    8.92546
96.95    7.19084
97.30    7.77466
97.65    8.28600
98.00    8.10833
98.35    7.54846
98.70    7.42739
99.05    9.05735
99.40    8.95331
99.75    9.19841
100.10    8.30749
100.45    8.08805
100.80    9.41831
101.15    8.72159
101.50    7.75250
101.85    8.08935
102.20    7.88134
102.55    8.37653
102.90    8.25068
103.25    8.34222
103.60    7.98833
103.95    6.93442
104.30    7.51201
104.65    7.44550
105.00    8.50114
105.35    7.07690
105.70    7.15009
106.05    7.38361
106.40    7.86996
106.75    7.23588
107.10    7.87181
107.45    7.48730
107.80    7.87321
108.15    7.50760
108.50    6.07412
108.85    7.33718
109.20    6.95808
109.55    6.29497
109.90    7.41506
110.25    6.63327
110.60    7.19812
110.95    7.74756
111.30    6.97620
111.65    6.77292
112.00    6.31730
112.35    7.24547
112.70    7.01793
113.05    8.17487
113.40    8.03956
113.75    8.56911
114.10    9.51727
114.45    8.79515
114.80    9.27852
115.15    8.72137
115.50    8.81099
115.85    6.21824
116.20    6.81215
116.55    6.77711
116.90    5.82196
117.25    6.61423
117.60    6.32394
117.95    6.99476
118.30    6.24916
118.65    6.66768
119.00    6.70753
119.35    7.29141
119.70    7.14950
120.05    6.75315
120.40    6.89551
120.75    6.74058
121.10    7.54671
121.45    7.37697
121.80    7.67235
122.15    7.71196
122.50    7.12704
122.85    6.94245
123.20    6.19872
123.55    6.61072
123.90    6.87688
124.25    6.80577
124.60    6.20966
124.95    6.84871
125.30    6.53857
125.65    5.92921
126.00    6.75852
126.35    6.79119
126.70    6.48688
127.05    7.51370
127.40    6.66911
127.75    6.09109
128.10    6.00702
128.45    7.31008
128.80    7.05121
129.15    8.27362
129.50    7.84788
129.85    7.05279
130.20    7.48421
130.55    6.78844
130.90    7.52011
131.25    6.87996
131.60    7.18468
131.95    7.83568
132.30    7.32649
132.65    7.39033
133.00    7.25839
133.35    7.77548
133.70    8.60364
134.05    7.27905
134.40    7.71714
134.75    8.40263
135.10    7.37881
135.45    7.05707
135.80    7.18759
136.15    8.12050
136.50    7.70064
136.85    7.21055
137.20    7.17682
137.55    6.39711
137.90    6.98959
138.25    8.63784
138.60    8.38576
138.95    9.20314
139.30    7.22109
139.65    6.40301
140.00    6.15014
140.35    6.09766
140.70    6.51610
141.05    7.68956
141.40    7.18135
141.75    7.84758
142.10    8.41699
142.45    5.80851
142.80    6.56998
143.15    5.94018
143.50    5.84772
143.85    5.76709
144.20    6.45414
144.55    6.53976
144.90    5.64925
145.25    6.01838
145.60    5.79384
145.95    7.17905
146.30    6.80522
146.65    6.36964
147.00    6.38265
147.35    6.51949
147.70    6.35933
148.05    6.39061
148.40    5.64384
148.75    6.08651
149.10    5.80250
149.45    6.56587
149.80    5.89810
150.15    6.17726
150.50    6.40925
150.85    6.32673
151.20    6.95816
151.55    5.97467
151.90    7.28549
152.25    6.71370
152.60    5.58210
152.95    7.42214
153.30    7.47857
153.65    6.91809
154.00    6.81525
154.35    6.67086
154.70    6.84355
155.05    6.68971
155.40    6.49339
155.75    6.58851
156.10    6.48823
156.45    6.70015
156.80    6.72612
157.15    7.00894
157.50    7.22067
157.85    8.48184
158.20    8.14138
158.55    7.10403
158.90    7.33110
159.25    7.61173
159.60    7.14351
159.95    7.64920
160.30    6.66744
160.65    8.85087
161.00    9.35062
161.35    8.69650
161.70    8.00707
162.05    9.95038
162.40   10.18149
162.75   10.87538
163.10   10.32651
163.45    8.94730
163.80   10.29316
164.15    7.00727
164.50    6.72064
164.85    8.32778
165.20    7.12358
165.55    7.97301
165.90    7.43094
166.25    6.78535
166.60    8.08609
166.95    8.65706
167.30    8.89483
167.65    7.57165
168.00    7.95999
168.35    8.22175
168.70    8.58502
169.05    8.72223
169.40    8.80538
169.75    8.11896
170.10    9.02938
170.45    8.66978
170.80   10.26278
171.15    8.75413
171.50    8.21373
171.85    7.60980
172.20    6.63133
172.55    7.02562
172.90    7.77774
173.25    7.69369
173.60    8.48889
173.95    8.18630
174.30    9.28753
174.65    8.45067
175.00    8.32659
175.35    6.41124
175.70    7.45189
176.05    7.03158
176.40    6.69475
176.75    7.32993
177.10    7.90610
177.45    6.68206
177.80    7.20952
178.15    7.35599
178.50    6.58023
178.85    7.06837
179.20    6.93256
179.55    6.77238
179.90    7.24857
180.25    8.06498
180.60    6.56708
180.95    7.00795
181.30    6.49731
181.65    7.78852
182.00    9.74379
182.35    9.25319
182.70    8.69648
183.05    9.65479
183.40    9.98925
183.75   10.05943
184.10    8.12457
184.45    7.43000
184.80    6.76895
185.15    7.43519
185.50    7.24784
185.85    8.17384
186.20    8.39279
186.55    7.80947
186.90    8.36565
187.25    7.93778
187.60    8.88410
187.95    7.48634
188.30   10.89462
188.65    7.29510
189.00    8.85174
189.35    7.29032
189.70    8.19059
190.05    8.13617
190.40    7.82372
190.75    8.64315
191.10    9.30492
191.45    6.51292
191.80    7.38032
192.15    7.35619
192.50    7.61093
192.85    7.48660
193.20    7.01048
193.55    6.80403
193.90    9.59146
194.25    7.49565
194.60    7.38304
194.95    8.35403
195.30    6.83642
195.65    6.90034
196.00    6.79931
196.35    7.74266
196.70    7.10190
197.05    8.56303
197.40    8.46199
197.75    8.29693
198.10    7.26619
198.45    6.87210
198.80    7.78523
199.15    6.62665
199.50    6.87878
199.85    6.42648
200.20    7.71215
200.55    7.24022
200.90    6.07466
201.25    6.61536
201.60    7.60006
201.95    6.35519
202.30    6.35127
202.65    9.68594
203.00    7.17341
203.35    6.30698
203.70    6.21030
204.05    8.82372
204.40    9.16412
204.75    9.05597
205.10   10.41253
205.45   11.70018
205.80   11.39353
206.15   11.88128
206.50   11.33076
206.85   10.66297
207.20   11.20386
207.55   10.79703
207.90   11.53698
208.25   11.11441
208.60   11.72307
208.95   11.56501
209.30   10.86659
209.65   11.03816
210.00   11.33108
210.35   11.18774
210.70   11.31667
211.05   10.95623
211.40   11.05259
211.75   11.02889
212.10   11.53234
212.45   10.69804
212.80   10.76997
213.15   11.42162
213.50   11.69608
213.85   10.44921
214.20   10.89951
214.55   11.16400
214.90   10.21820
215.25   11.30626
215.60   10.78206
215.95   11.90420
216.30   11.67071
216.65   11.71319
217.00   10.37697
217.35   10.59785
217.70   10.96604
218.05   10.73499
218.40   10.93096
218.75   11.19971
219.10   10.75011
219.45   10.56177
219.80   11.92419
220.15   11.80803
220.50   12.12487
220.85   11.02416
221.20   11.32405
221.55   11.87035
221.90   12.10409
222.25   11.15764
222.60   11.08598
222.95   11.49213
223.30   10.86748
223.65   11.74671
224.00   11.50897
224.35   10.88333
224.70   11.80208
225.05   11.29266
225.40   11.26825
225.75   11.15135
226.10   11.67242
226.45   10.81973
226.80   11.04567
227.15   11.98602
227.50   10.91617
227.85   11.52018
228.20   10.82292
228.55   11.13473
228.90   11.50046
229.25   10.72581
229.60   10.15995
229.95   10.87227
230.30   12.03230
230.65   11.38936
231.00   11.54508
231.35   12.24333
231.70   11.16323
232.05   11.34530
232.40   11.97134
232.75   11.94598
233.10   11.51155
233.45   12.47991
233.80   11.61312
234.15   11.10323
234.50   11.59089
234.85   11.88778
235.20   10.60713
235.55   10.86828
235.90   10.87190
236.25   12.19149
236.60   11.14656
236.95   10.71667
237.30   11.38357
237.65   11.57156
238.00   11.89319
238.35   12.14423
238.70   11.61808
239.05   11.94926
239.40   11.67909
239.75   11.90497
240.10   11.87867
240.45   11.02651
240.80   11.74115
241.15   11.57324
241.50   11.92719
241.85   11.10640
242.20   11.38577
242.55   11.85354
242.90   11.85114
243.25   11.26197
243.60   11.82038
243.95   11.63746
244.30   12.23806
244.65   11.82382
245.00   11.98610
245.35   11.11413
245.70   11.75227
246.05   11.48507
246.40   12.20029
246.75   12.37232
247.10   11.33279
247.45   11.34368
247.80   11.39245
248.15   11.47997
248.50   11.66740
248.85    9.95512
249.20   11.72905
249.55   11.14527
249.90   12.34558
