# constriction site width [nm] vs time [ns]
 0.00    9.94024
 0.35    8.94931
 0.70    9.08467
 1.05    8.12831
 1.40    9.22678
 1.75    8.97632
 2.10    9.01023
 2.45    7.96206
 2.80    8.92588
 3.15    9.28549
 3.50    8.37394
 3.85    8.37132
 4.20    8.96759
 4.55    7.66251
 4.90    9.01907
 5.25    9.30803
 5.60    8.82073
 5.95    8.59934
 6.30    9.19140
 6.65    9.24637
 7.00   10.11027
 7.35    9.22600
 7.70    8.85574
 8.05    8.27390
 8.40    8.28282
 8.75    8.59777
 9.10   10.02288
 9.45   10.35413
 9.80    8.56435
10.15    9.60697
10.50    8.82838
10.85    9.93482
11.20    9.74340
11.55   10.20219
11.90   10.33272
12.25    8.78785
12.60    8.46814
12.95    9.71237
13.30    9.99041
13.65    9.82443
14.00    9.39236
14.35    9.77340
14.70    9.32388
15.05    8.67029
15.40    9.03993
15.75    8.91363
16.10    8.89340
16.45    9.86300
16.80   10.01402
17.15    9.97502
17.50   11.40108
17.85   10.86445
18.20   11.06669
18.55   10.74590
18.90   10.91673
19.25   10.73605
19.60   10.97663
19.95   11.01871
20.30   10.75662
20.65   10.57556
21.00   10.50613
21.35   10.68606
21.70   10.06984
22.05   10.36962
22.40   11.88501
22.75   10.15098
23.10   11.32882
23.45   10.80913
23.80   10.23994
24.15    9.75521
24.50   11.32320
24.85    9.32585
25.20   11.48749
25.55   12.12354
25.90   11.18065
26.25    9.72238
26.60    8.97258
26.95    8.96896
27.30   10.64477
27.65   10.90787
28.00    9.43143
28.35   10.44532
28.70   10.57758
29.05   10.67110
29.40    9.74049
29.75    8.71095
30.10   10.23691
30.45   10.75657
30.80    9.25492
31.15   10.92897
31.50   10.01084
31.85   11.26341
32.20   11.57308
32.55   10.73567
32.90   10.59794
33.25   11.82080
33.60   11.28589
33.95    9.75141
34.30    9.93062
34.65    9.53245
35.00   11.29881
35.35   10.00683
35.70   10.72601
36.05    9.64915
36.40   10.80580
36.75   10.56034
37.10   11.00130
37.45   10.99044
37.80   10.78856
38.15    8.81941
38.50    8.39562
38.85    8.67304
39.20    8.60665
39.55    9.17216
39.90    7.91576
40.25    9.04544
40.60    8.76602
40.95    8.95749
41.30    9.58665
41.65    9.13723
42.00    8.59999
42.35    8.07830
42.70    7.43702
43.05    9.32121
43.40    8.62384
43.75    9.61868
44.10    9.27141
44.45    8.34653
44.80    8.79114
45.15    9.25648
45.50    9.12099
45.85    8.66313
46.20    9.17092
46.55    8.38554
46.90    9.51076
47.25    8.70985
47.60    9.57566
47.95    8.30744
48.30    9.60343
48.65    9.72998
49.00    7.94071
49.35    8.70160
49.70   10.06518
50.05   10.21194
50.40    9.82490
50.75    9.62813
51.10    8.82776
51.45    9.12946
51.80    9.46267
52.15    9.80882
52.50    8.67806
52.85    9.12679
53.20    9.70067
53.55    9.17870
53.90    8.76680
54.25    9.04985
54.60    9.12246
54.95    9.94935
55.30    9.44774
55.65    9.36527
56.00    8.97548
56.35    9.20874
56.70    9.22110
57.05    8.83689
57.40    8.23464
57.75    8.17313
58.10    8.39697
58.45    8.91984
58.80    8.41157
59.15    9.36894
59.50    9.19607
59.85    9.63585
60.20    9.36802
60.55   10.02057
60.90   10.43570
61.25   10.01185
61.60    9.72291
61.95    9.89486
62.30    9.54909
62.65    9.38192
63.00    9.08782
63.35    9.54976
63.70    7.88215
64.05    8.22570
64.40    8.19466
64.75    7.78146
65.10    8.73315
65.45    7.04312
65.80    7.53700
66.15    9.74397
66.50    9.08738
66.85    8.51427
67.20    9.21109
67.55    8.73790
67.90    9.23588
68.25    8.12893
68.60    8.22860
68.95    9.84258
69.30    9.15805
69.65    7.50438
70.00    9.45173
70.35    8.76012
70.70    8.47893
71.05    7.67881
71.40    8.33063
71.75   11.08578
72.10   10.29762
72.45   11.07898
72.80   10.51426
73.15   11.34093
73.50   10.43223
73.85    9.68698
74.20    8.68726
74.55    8.34890
74.90    9.22985
75.25    9.32074
75.60    8.15651
75.95    9.84206
76.30    8.81958
76.65    9.97258
77.00    8.30362
77.35    9.28030
77.70    9.16549
78.05    8.57138
78.40    8.67497
78.75    9.44618
79.10    9.09144
79.45    8.28960
79.80    9.37853
80.15    6.71603
80.50    7.28296
80.85    6.86068
81.20    6.06754
81.55    7.43893
81.90    8.47998
82.25    9.95152
82.60    9.17120
82.95    9.41422
83.30    8.54515
83.65    7.59035
84.00    9.10910
84.35    8.86497
84.70    9.79376
85.05    9.87902
85.40    6.93687
85.75    7.56797
86.10    8.71816
86.45    8.07825
86.80    7.93890
87.15    8.63946
87.50    8.65939
87.85   10.22641
88.20    6.43715
88.55    7.71317
88.90    9.07319
89.25    6.27393
89.60    9.72753
89.95    9.57756
90.30    8.18702
90.65    7.79823
91.00    8.84068
91.35    8.19232
91.70    8.68451
92.05    8.46350
92.40    9.23760
92.75    8.24139
93.10    7.27122
93.45    9.08237
93.80    8.85629
94.15    9.19849
94.50    9.59499
94.85    9.67353
95.20    9.23847
95.55    9.03304
95.90    9.03961
96.25    7.87330
96.60    9.18725
96.95    9.70909
97.30    9.60814
97.65    9.89445
98.00    9.04966
98.35    8.97704
98.70    9.11814
99.05    9.09061
99.40    9.06365
99.75    8.68713
100.10    8.59728
100.45    9.70317
100.80    9.28407
101.15    9.03180
101.50    9.98981
101.85    9.10100
102.20    9.24612
102.55   10.16360
102.90    8.87582
103.25   10.02066
103.60    8.06065
103.95    9.21583
104.30    9.74981
104.65    9.39977
105.00    7.76380
105.35    8.72579
105.70   11.00585
106.05    8.42424
106.40    7.39444
106.75    8.09506
107.10    9.80211
107.45    9.04850
107.80    8.05202
108.15   10.22240
108.50    9.63595
108.85    9.86682
109.20    8.84100
109.55    8.11274
109.90    9.80734
110.25    9.41959
110.60   10.71271
110.95   10.27228
111.30   10.43025
111.65   10.01275
112.00   10.08167
112.35    8.06173
112.70   10.46680
113.05    9.80779
113.40    9.82660
113.75    9.41084
114.10    9.06829
114.45    9.00185
114.80   10.50895
115.15   10.46085
115.50    9.57512
115.85    8.16267
116.20    7.76607
116.55    7.44155
116.90    8.13842
117.25    9.57440
117.60    8.99805
117.95    7.93555
118.30    8.28989
118.65    9.34030
119.00    9.47056
119.35    8.06421
119.70    9.75760
120.05    7.79618
120.40   10.12294
120.75    9.89174
121.10    9.27142
121.45    8.67601
121.80    8.20186
122.15    7.84315
122.50    8.33311
122.85    8.61759
123.20    7.76182
123.55    7.23292
123.90    9.97316
124.25    8.15963
124.60    9.15050
124.95   11.13444
125.30    8.08202
125.65    9.62067
126.00    8.88493
126.35    9.75715
126.70    9.71994
127.05   10.49336
127.40    9.21319
127.75    9.49497
128.10    9.85587
128.45    7.28127
128.80    8.56924
129.15    8.36323
129.50    8.60306
129.85    9.06569
130.20    9.34293
130.55    8.65797
130.90    7.68596
131.25    7.73212
131.60    7.42964
131.95    9.78784
132.30    7.79174
132.65    8.13169
133.00    9.90258
133.35   10.32805
133.70   11.64936
134.05   10.79088
134.40   10.77949
134.75   11.38638
135.10    8.16094
135.45    7.35862
135.80    9.90471
136.15    9.67492
136.50   11.18283
136.85    9.27351
137.20    9.11962
137.55    7.50742
137.90   10.52301
138.25    8.16580
138.60    9.64032
138.95    9.71465
139.30    9.86727
139.65   10.01046
140.00    9.26198
140.35    8.77007
140.70    9.04851
141.05    9.49071
141.40    8.50927
141.75    8.81706
142.10    8.57222
142.45    9.49193
142.80   11.11044
143.15    8.06303
143.50    7.70783
143.85    6.87561
144.20    8.14849
144.55    9.46627
144.90   11.08645
145.25   10.45820
145.60    9.19287
145.95    8.07920
146.30   10.33519
146.65    9.29939
147.00    9.57356
147.35    7.40950
147.70   10.82915
148.05    8.84545
148.40    9.93451
148.75    9.70592
149.10    9.36482
149.45    9.08492
149.80    7.55738
150.15    8.61005
150.50    7.43586
150.85    7.78004
151.20   10.62490
151.55    8.41613
151.90    7.42664
152.25   10.44619
152.60   11.45626
152.95    9.54814
153.30    8.13105
153.65    6.59652
154.00    8.00982
154.35    7.28432
154.70    7.58821
155.05    9.25977
155.40    9.61463
155.75    9.95332
156.10   12.08343
156.45   10.26848
156.80    9.76464
157.15    9.01574
157.50   10.93678
157.85    8.91700
158.20   10.11730
158.55    8.90101
158.90    9.17930
159.25    7.63542
159.60    7.91167
159.95    7.98960
160.30   10.43064
160.65   10.65227
161.00   10.27483
161.35    9.10824
161.70    8.68391
162.05    8.30442
162.40    9.21357
162.75   10.80153
163.10    9.80364
163.45   10.21460
163.80   11.12228
164.15   11.60329
164.50   10.36042
164.85    9.34775
165.20    9.88196
165.55   10.84336
165.90    8.90372
166.25    9.18709
166.60    7.55471
166.95    9.73974
167.30   10.04387
167.65   10.60870
168.00   10.90545
168.35    8.36678
168.70    8.87227
169.05    9.53224
169.40    9.42160
169.75    9.12948
170.10    9.09930
170.45    8.86880
170.80    6.96581
171.15    8.08519
171.50    9.98792
171.85    9.74008
172.20    9.47055
172.55    8.17398
172.90    8.98901
173.25    7.48115
173.60    7.37931
173.95    9.79150
174.30   10.49182
174.65    9.15748
175.00    9.54171
175.35    9.27084
175.70    8.52472
176.05    9.36005
176.40    9.10173
176.75    9.10949
177.10    9.10963
177.45    9.94034
177.80   10.03806
178.15   10.32978
178.50    9.21579
178.85   10.20402
179.20    9.18319
179.55    7.42636
179.90   10.24432
180.25    7.54806
180.60    7.62805
180.95    8.05342
181.30    8.72869
181.65    8.73042
182.00    9.27089
182.35    9.34048
182.70   10.35139
183.05    8.60833
183.40    9.00107
183.75    8.46755
184.10    8.80618
184.45    9.17869
184.80    9.46159
185.15    9.37447
185.50    9.05153
185.85    8.87451
186.20    8.68704
186.55    9.75356
186.90    9.12749
187.25    9.73409
187.60    9.93191
187.95    9.07062
188.30    8.48579
188.65    9.12521
189.00    8.30923
189.35    8.88564
189.70    8.44330
190.05   10.24942
190.40    8.85718
190.75   10.39670
191.10    9.21968
191.45    9.21068
191.80    8.54849
192.15    8.18840
192.50    9.10970
192.85    9.94595
193.20    7.96618
193.55    7.76373
193.90    7.98101
194.25    7.01491
194.60    8.90466
194.95    8.93627
195.30    8.49094
195.65   10.94549
196.00    8.29348
196.35    8.45419
196.70    7.03758
197.05    7.40697
197.40    9.15857
197.75    9.39019
198.10    9.86882
198.45    9.44310
198.80   10.09259
199.15    7.04240
199.50    9.18347
199.85    8.65468
200.20   10.34561
200.55    9.66121
200.90    9.90549
201.25    9.18912
201.60    9.04982
201.95    8.07041
202.30    8.36184
202.65    9.82092
203.00   10.25284
203.35    8.46911
203.70    8.66376
204.05   10.12285
204.40    8.20265
204.75    9.00210
205.10    7.93361
205.45    8.48295
205.80    8.72395
206.15    8.63360
206.50    8.67221
206.85    9.68271
207.20    9.31509
207.55    8.93151
207.90    9.02427
208.25    8.39280
208.60    7.09297
208.95    6.74554
209.30    6.72507
209.65   10.58309
210.00    9.24948
210.35    8.89416
210.70    9.11312
211.05    8.34268
211.40    9.62415
211.75    8.59909
212.10   10.32123
212.45   10.32416
212.80   10.01112
213.15    9.17559
213.50    9.65831
213.85   10.14075
214.20    8.65441
214.55    9.11137
214.90    9.19087
215.25    8.77440
215.60    9.00676
215.95    8.75784
216.30    8.14118
216.65    8.50794
217.00    8.76133
217.35    8.33240
217.70    8.88966
218.05    9.14703
218.40    9.15719
218.75    8.60271
219.10    8.93363
219.45    9.23549
219.80    8.71319
220.15    8.82239
220.50    9.73339
220.85    9.00697
221.20    9.02562
221.55    9.51636
221.90    9.52753
222.25    9.68924
222.60    8.48465
222.95    6.86015
223.30    8.75429
223.65    8.98991
224.00   10.27636
224.35    9.82640
224.70   11.00054
225.05   10.83911
225.40    9.18306
225.75    8.36142
226.10    9.57859
226.45    9.47377
226.80    9.51837
227.15    9.45719
227.50    9.01250
227.85    8.83843
228.20    9.26970
228.55    8.64710
228.90    7.20266
229.25    9.67707
229.60    9.56003
229.95    8.74144
230.30    8.42766
230.65   10.65057
231.00    8.82122
231.35    7.48879
231.70    8.52994
232.05    8.93859
232.40    8.50831
232.75    8.74255
233.10    8.79777
233.45    8.14568
233.80    7.87358
234.15    9.17169
234.50    8.65489
234.85    8.80949
235.20    9.32642
235.55    9.29559
235.90    8.06811
236.25    8.12292
236.60   10.09699
236.95    9.40033
237.30    8.05011
237.65    9.49780
238.00    8.33606
238.35    8.87140
238.70    8.73943
239.05    8.28610
239.40    8.93956
239.75    8.38061
240.10    8.92226
240.45    9.21746
240.80    8.76036
241.15    8.60571
241.50    9.06158
241.85    7.91697
242.20    8.86829
242.55    9.12548
242.90    8.74968
243.25    8.57545
243.60    9.11607
243.95    8.85834
244.30    8.56208
244.65    9.30761
245.00    9.47537
245.35    8.50221
245.70    9.21965
246.05    8.98215
246.40    8.96359
246.75    9.25304
247.10    9.21044
247.45    9.14257
247.80    8.85668
248.15    8.59447
248.50    9.36035
248.85    9.74361
249.20    8.47557
249.55    8.55861
249.90    8.89885
