# constriction site width [nm] vs time [ns]
 0.00    7.82877
 0.35    8.01161
 0.70    9.19685
 1.05    9.26913
 1.40    8.81296
 1.75    9.73020
 2.10    9.55660
 2.45   10.02839
 2.80   10.14299
 3.15    9.95393
 3.50    9.48190
 3.85    9.70209
 4.20    9.64457
 4.55    9.79650
 4.90    9.30224
 5.25   10.16382
 5.60   10.47672
 5.95   11.00776
 6.30   10.06338
 6.65   10.06803
 7.00   10.06209
 7.35   10.12257
 7.70   10.03096
 8.05    9.59177
 8.40    9.55569
 8.75   10.40860
 9.10    9.25536
 9.45   10.37095
 9.80    8.72304
10.15    8.96876
10.50    9.11033
10.85    8.61446
11.20    9.39808
11.55    9.67057
11.90    9.52774
12.25   10.04814
12.60    8.42167
12.95    8.07492
13.30    9.65797
13.65    9.12979
14.00    9.59918
14.35    7.37245
14.70    8.03441
15.05    8.29805
15.40    8.95327
15.75    8.40374
16.10    9.96619
16.45    9.81547
16.80    9.09274
17.15    9.59359
17.50    8.68303
17.85    8.87523
18.20    9.03880
18.55    8.81515
18.90    8.22922
19.25    8.13901
19.60    9.92146
19.95    9.86239
20.30    8.39651
20.65    9.43293
21.00    7.79713
21.35    8.70487
21.70    8.87063
22.05    8.83637
22.40    7.67083
22.75    8.50335
23.10    7.89888
23.45    7.04086
23.80    7.29604
24.15    5.80457
24.50    5.90953
24.85    8.72954
25.20    6.76908
25.55    6.84768
25.90    6.88026
26.25    6.63069
26.60    7.37034
26.95    9.36968
27.30    7.44647
27.65   10.02435
28.00    9.37526
28.35    9.72652
28.70   10.21462
29.05    9.23081
29.40    8.86215
29.75    9.32617
30.10   10.86005
30.45   10.66056
30.80   10.77858
31.15   10.65199
31.50    9.13225
31.85   10.73599
32.20    9.90327
32.55   10.71257
32.90   10.30236
33.25    9.97924
33.60    9.71874
33.95    9.82809
34.30    9.52073
34.65   10.34691
35.00   10.65751
35.35   10.39818
35.70    9.90260
36.05   10.35967
36.40   10.76594
36.75   11.09401
37.10   10.68930
37.45   10.37127
37.80   10.88710
38.15   10.23805
38.50   10.39363
38.85    9.78973
39.20   11.15230
39.55   10.80633
39.90   11.19392
40.25   10.58002
40.60   10.73579
40.95   10.04795
41.30   10.63934
41.65   10.86172
42.00   10.33993
42.35   10.45170
42.70   11.04513
43.05   11.39195
43.40   10.40658
43.75   11.50691
44.10   10.94033
44.45   10.63576
44.80   10.47524
45.15   10.74664
45.50   11.21678
45.85   10.44635
46.20   10.24728
46.55   10.65612
46.90   11.35624
47.25   10.85931
47.60   10.62291
47.95    9.03209
48.30   10.55187
48.65   10.11324
49.00   10.51457
49.35   10.01255
49.70   10.43285
50.05   10.40947
50.40   10.29528
50.75   10.01303
51.10    9.83985
51.45   10.67192
51.80   10.42639
52.15   10.27770
52.50   10.77734
52.85    9.94183
53.20   10.12851
53.55   10.42958
53.90   10.06197
54.25   10.16720
54.60   10.45247
54.95    9.59250
55.30    9.76873
55.65   10.00922
56.00   10.78679
56.35    9.53973
56.70   10.27768
57.05    9.54857
57.40   10.39199
57.75   10.85206
58.10    9.81122
58.45    9.83956
58.80   10.14306
59.15    9.68572
59.50    9.79485
59.85    9.40740
60.20    9.37599
60.55   10.25073
60.90   10.30362
61.25   10.55377
61.60   10.36320
61.95    9.61854
62.30   10.07846
62.65   10.60599
63.00    9.65883
63.35    9.79062
63.70   11.18454
64.05    9.99201
64.40   10.07604
64.75   10.42255
65.10   10.43620
65.45   10.80714
65.80   11.30235
66.15   10.51279
66.50   10.94317
66.85   10.89050
67.20   10.66191
67.55   10.71567
67.90   11.34826
68.25   10.10983
68.60   10.51798
68.95   10.54859
69.30   10.90621
69.65   10.22540
70.00   10.69901
70.35   11.37645
70.70   10.96638
71.05   10.57541
71.40   10.64176
71.75   10.71088
72.10   10.49555
72.45   10.61635
72.80   11.67061
73.15   11.20577
73.50   10.47453
73.85   10.30854
74.20   10.57153
74.55   10.71676
74.90   11.19311
75.25   10.28869
75.60    9.60239
75.95   10.85625
76.30   10.62474
76.65   10.64831
77.00   10.39801
77.35   10.56610
77.70   10.13184
78.05   10.47023
78.40    9.97107
78.75    8.99271
79.10   10.05578
79.45   10.79655
79.80   10.16004
80.15    9.83042
80.50    9.98062
80.85   10.54776
81.20   10.35613
81.55    8.73856
81.90    9.45080
82.25    9.87794
82.60    9.78397
82.95    9.38364
83.30    9.67080
83.65   10.42297
84.00   10.03230
84.35   10.54030
84.70   10.80301
85.05   10.00572
85.40    9.28014
85.75    9.75316
86.10   10.64109
86.45    9.66086
86.80    9.91981
87.15    9.68995
87.50    9.92177
87.85   10.41111
88.20   10.05756
88.55    9.82859
88.90    9.87588
89.25   10.67956
89.60    9.42803
89.95   10.45299
90.30    9.48155
90.65   10.40147
91.00    9.53199
91.35    9.36775
91.70   10.40728
92.05    9.36604
92.40   10.01941
92.75   10.24300
93.10    9.96024
93.45    9.70914
93.80    9.74487
94.15    9.53563
94.50   10.78643
94.85   10.19478
95.20   10.13104
95.55   10.82889
95.90   10.42543
96.25   10.77734
96.60   10.47216
96.95   10.42363
97.30   10.53700
97.65    9.87345
98.00   10.75673
98.35   10.14437
98.70   10.52523
99.05    9.48436
99.40    9.67788
99.75    9.61037
100.10   10.52645
100.45   10.59152
100.80    9.91167
101.15    9.69587
101.50   10.75437
101.85   10.18250
102.20   10.57092
102.55    9.69608
102.90   10.21637
103.25   10.56609
103.60   10.12836
103.95    9.94547
104.30   11.05011
104.65    9.50435
105.00   10.30556
105.35    9.80038
105.70   10.11451
106.05    9.49013
106.40   10.31741
106.75   10.72092
107.10    9.86919
107.45   10.28910
107.80   10.67628
108.15   10.37209
108.50   11.05549
108.85   10.66454
109.20   10.42518
109.55   10.36489
109.90   10.61616
110.25   10.92823
110.60    9.29013
110.95   10.84245
111.30   10.27384
111.65   10.82809
112.00   10.63000
112.35   10.33319
112.70   10.53878
113.05    9.72366
113.40   10.56013
113.75    9.93920
114.10   10.33988
114.45    9.97273
114.80   10.90241
115.15   10.16624
115.50   10.29217
115.85   10.48054
116.20   10.09774
116.55   10.38925
116.90    9.77095
117.25   10.35670
117.60    9.95879
117.95   10.26842
118.30    9.49749
118.65    9.22166
119.00    9.74076
119.35   10.08419
119.70   10.25323
120.05    8.78421
120.40    8.69905
120.75   10.10144
121.10    9.80254
121.45   10.01898
121.80    9.66469
122.15   10.48810
122.50   10.00160
122.85   10.73372
123.20    9.38743
123.55   10.37401
123.90    9.29914
124.25   10.35509
124.60   10.05769
124.95   10.19414
125.30    9.16806
125.65   10.31950
126.00    9.97311
126.35    9.40803
126.70    9.69014
127.05   10.16738
127.40    9.96331
127.75   10.49633
128.10   10.14980
128.45   10.75482
128.80   10.32565
129.15   10.11504
129.50   10.02277
129.85   10.18756
130.20   10.34942
130.55   10.38213
130.90    9.86256
131.25   10.35407
131.60   10.21677
131.95   10.62739
132.30    9.79785
132.65   11.03967
133.00   10.76895
133.35    8.57631
133.70    9.59738
134.05    9.99783
134.40    9.30260
134.75    9.96048
135.10    9.58883
135.45    9.27882
135.80    9.35002
136.15    9.42641
136.50    8.48827
136.85    9.52593
137.20    9.12686
137.55    9.13382
137.90    9.57742
138.25   10.00426
138.60    9.82929
138.95   10.17022
139.30    9.29852
139.65    9.82155
140.00    9.71388
140.35    9.32687
140.70    9.73919
141.05    9.01487
141.40    8.94536
141.75    9.37391
142.10    8.92097
142.45   10.21008
142.80    9.65468
143.15    9.74820
143.50    9.47239
143.85   10.51681
144.20    8.90778
144.55   10.08458
144.90   10.33770
145.25    9.34204
145.60    9.84848
145.95   10.25373
146.30    9.86308
146.65   10.31707
147.00   10.32375
147.35    9.54100
147.70   10.16398
148.05   10.01541
148.40    8.94515
148.75    9.61525
149.10    9.76084
149.45   10.05223
149.80    9.85225
150.15    9.79448
150.50    9.43849
150.85    9.92726
151.20    9.62767
151.55    9.23283
151.90   10.10645
152.25   10.83003
152.60    9.54176
152.95   10.29681
153.30    9.26177
153.65   10.12141
154.00    9.94133
154.35    9.56893
154.70    9.99706
155.05   10.17862
155.40    8.97534
155.75   10.26599
156.10    8.62130
156.45    9.93409
156.80   10.01261
157.15   10.17247
157.50    9.65313
157.85   10.46014
158.20   10.12702
158.55   10.69188
158.90   10.48100
159.25   10.51115
159.60   10.33811
159.95   10.62688
160.30   10.48570
160.65    9.74990
161.00    9.27875
161.35    8.39764
161.70    9.56944
162.05    9.77092
162.40   10.04278
162.75   10.57828
163.10   10.13675
163.45   10.49156
163.80    9.29634
164.15    9.37377
164.50    9.29220
164.85    8.52753
165.20    8.25222
165.55    8.35670
165.90    8.56595
166.25    8.69920
166.60    8.10078
166.95    9.14596
167.30    7.47108
167.65    6.22068
168.00    6.54566
168.35    7.91823
168.70    6.73841
169.05    8.27814
169.40    9.10284
169.75    9.33729
170.10    9.24135
170.45    9.14429
170.80    9.81148
171.15    9.09342
171.50   10.73856
171.85    9.61128
172.20    9.77198
172.55    9.85980
172.90    9.57410
173.25    9.51403
173.60   10.00297
173.95    9.70982
174.30    9.29073
174.65    9.85543
175.00    9.98030
175.35    9.84491
175.70   10.22230
176.05   10.00031
176.40    9.81243
176.75    9.58552
177.10    9.91639
177.45    9.71983
177.80    9.57908
178.15    9.47020
178.50    8.28783
178.85    8.80774
179.20    9.22281
179.55    9.52091
179.90    8.97588
180.25    9.69653
180.60    9.18304
180.95    9.79451
181.30    9.77163
181.65    9.30054
182.00    9.54122
182.35    9.70710
182.70    8.82013
183.05    9.05226
183.40    8.55138
183.75    9.11829
184.10    9.03200
184.45    9.13422
184.80    9.96090
185.15    9.25947
185.50    8.84202
185.85    8.92604
186.20    9.08214
186.55   10.24239
186.90    8.45815
187.25    8.53961
187.60    9.56294
187.95    9.43137
188.30    9.31619
188.65    9.17656
189.00   10.13430
189.35    9.38088
189.70    9.90273
190.05    9.03467
190.40    8.36969
190.75    9.60360
191.10    9.42094
191.45    9.56613
191.80    8.46721
192.15    9.29945
192.50   10.46169
192.85    9.76211
193.20    9.20294
193.55    8.76977
193.90    9.99790
194.25    8.74579
194.60    9.01951
194.95    9.32174
195.30    9.52365
195.65    8.89578
196.00    9.63134
196.35    9.24497
196.70    9.57986
197.05    9.58738
197.40    9.24815
197.75    9.85535
198.10    9.83210
198.45    8.89858
198.80    9.71089
199.15    9.09556
199.50    8.85416
199.85    9.93422
200.20    9.51454
200.55    9.47481
200.90    9.32490
201.25   10.25461
201.60   10.19543
201.95    9.45127
202.30    9.26087
202.65    9.65355
203.00    9.17908
203.35    9.46697
203.70    9.67283
204.05    9.41841
204.40    9.00060
204.75    8.24052
205.10    8.89029
205.45    9.05632
205.80   10.05093
206.15    9.57539
206.50    9.07266
206.85    9.87715
207.20    9.89041
207.55   10.36614
207.90    9.72477
208.25   10.19901
208.60    9.76426
208.95    9.26334
209.30    9.37245
209.65    9.61418
210.00   10.34059
210.35    9.73841
210.70    9.54079
211.05    9.61027
211.40    9.67759
211.75   10.86340
212.10    9.75025
212.45   10.00981
212.80    9.90871
213.15   10.19584
213.50   10.35961
213.85   10.82693
214.20   10.44104
214.55    9.27366
214.90    9.93201
215.25   10.20402
215.60    9.33815
215.95   10.36700
216.30    9.68904
216.65   10.26163
217.00   10.11470
217.35    8.15647
217.70    8.57557
218.05    8.85813
218.40    8.30752
218.75    9.74380
219.10   10.19739
219.45    9.66635
219.80    8.98485
220.15   10.38406
220.50   10.21720
220.85   10.79192
221.20   10.25505
221.55   10.08984
221.90    9.95341
222.25   10.12036
222.60    9.89510
222.95   10.33208
223.30   10.34674
223.65   10.56012
224.00   10.24082
224.35   10.13955
224.70    9.52554
225.05    9.48980
225.40   10.16565
225.75    9.92135
226.10   10.15231
226.45   10.14920
226.80   10.02821
227.15    9.17084
227.50   10.27189
227.85   10.01828
228.20   10.54426
228.55    9.66726
228.90    8.86724
229.25    8.66649
229.60    9.30230
229.95    8.83915
230.30    8.70064
230.65    9.41661
231.00    9.00449
231.35    9.70838
231.70    7.90078
232.05    8.73320
232.40    6.90838
232.75   10.01287
233.10    9.90601
233.45   10.03969
233.80    9.61751
234.15    9.96185
234.50    9.27615
234.85    8.60217
235.20    8.58278
235.55    9.43472
235.90    9.49438
236.25    9.98572
236.60   10.25493
236.95    9.78042
237.30   10.08056
237.65    9.94940
238.00    9.70302
238.35   10.12753
238.70   10.16860
239.05   10.16404
239.40   10.59107
239.75   10.62337
240.10    9.50510
240.45   10.21270
240.80    9.81015
241.15    9.98211
241.50    9.82444
241.85    9.92616
242.20   10.23946
242.55   10.68474
242.90   10.53599
243.25    9.49295
243.60    9.55175
243.95    9.99097
244.30    8.65704
244.65    9.42040
245.00    8.42238
245.35    9.79806
245.70    9.96991
246.05    9.33913
246.40    9.34453
246.75    9.48502
247.10    8.62745
247.45   10.28786
247.80    9.59440
248.15   10.19546
248.50   10.62342
248.85    9.30430
249.20    9.30875
249.55    8.85023
249.90    9.44433
