# constriction site width [nm] vs time [ns]
 0.00   11.55272
 0.35   11.69891
 0.70   11.28750
 1.05   11.37448
 1.40   11.26428
 1.75    9.05168
 2.10    8.81859
 2.45    7.21900
 2.80    9.23099
 3.15    9.38581
 3.50    8.46563
 3.85    8.49033
 4.20    8.00859
 4.55    8.13362
 4.90   10.44979
 5.25   10.17233
 5.60   10.99469
 5.95   10.98462
 6.30   10.80600
 6.65   10.30807
 7.00   10.49629
 7.35   10.40981
 7.70   10.28518
 8.05   10.09455
 8.40   10.44515
 8.75    7.64786
 9.10    6.70602
 9.45    7.45281
 9.80   10.64565
10.15    7.03497
10.50    7.76825
10.85    7.80307
11.20    9.16978
11.55   10.89427
11.90   10.72988
12.25    9.74170
12.60   10.83172
12.95   10.02488
13.30   11.42063
13.65   11.05081
14.00   10.91793
14.35   10.53048
14.70   11.32696
15.05   10.91723
15.40   10.05413
15.75   10.01586
16.10    8.91968
16.45    9.90801
16.80    9.40669
17.15    9.00959
17.50    7.94866
17.85    8.33873
18.20    6.60964
18.55    6.37390
18.90    6.61370
19.25    8.41566
19.60    8.76121
19.95    8.54152
20.30    9.47740
20.65    8.75230
21.00    8.07859
21.35    7.75412
21.70    8.69869
22.05    8.45328
22.40    6.59676
22.75    8.39178
23.10    5.98509
23.45    9.10244
23.80    8.59228
24.15    8.38673
24.50    8.59745
24.85    8.88976
25.20    8.04482
25.55    8.62114
25.90    8.41741
26.25    7.02294
26.60    7.58317
26.95    7.76254
27.30    7.29311
27.65    6.47057
28.00    6.90377
28.35    7.74910
28.70    7.60722
29.05    7.02695
29.40    7.24731
29.75    7.26248
30.10    7.80760
30.45    8.12736
30.80    7.78794
31.15    7.66963
31.50    6.80370
31.85    7.77292
32.20    8.03207
32.55    6.78281
32.90    7.55270
33.25    6.78139
33.60    8.22749
33.95    6.96088
34.30    6.06999
34.65    6.63234
35.00    7.08111
35.35    6.43173
35.70    6.65597
36.05    6.36697
36.40    6.81546
36.75    8.11435
37.10    8.72018
37.45    7.48092
37.80    8.18890
38.15    8.20817
38.50    8.31386
38.85    7.71071
39.20    8.21004
39.55    7.86570
39.90    7.31350
40.25    6.63422
40.60    7.89919
40.95    8.35206
41.30    7.09002
41.65    7.11403
42.00    6.76126
42.35    7.80002
42.70    7.13029
43.05    7.23784
43.40    7.59573
43.75    7.41341
44.10    6.05404
44.45    7.79002
44.80    7.30386
45.15    7.72822
45.50    7.54505
45.85    6.97561
46.20    7.20517
46.55    7.34894
46.90    7.52886
47.25    8.20054
47.60    7.92812
47.95    5.83968
48.30    7.54547
48.65    8.05004
49.00    7.30188
49.35    7.67814
49.70    8.43063
50.05    7.90185
50.40    8.52799
50.75    8.80221
51.10    7.66609
51.45    8.60102
51.80    8.46912
52.15    8.54526
52.50   10.15025
52.85    8.72927
53.20    7.59983
53.55    6.03415
53.90    7.09490
54.25    7.88459
54.60    6.82540
54.95    6.62325
55.30    6.99018
55.65    8.09687
56.00    7.29497
56.35    8.04948
56.70    7.82657
57.05    8.71322
57.40    6.51099
57.75    6.33690
58.10    5.90991
58.45    6.34881
58.80    7.41868
59.15    8.42607
59.50    7.56821
59.85    8.24807
60.20    8.17589
60.55    8.08609
60.90    7.99499
61.25    7.74852
61.60    7.54173
61.95    8.93623
62.30    9.39762
62.65    6.68442
63.00    7.37951
63.35    7.17402
63.70    7.25698
64.05    6.01665
64.40    7.27883
64.75    6.68261
65.10    6.24972
65.45    7.46106
65.80    9.36240
66.15    9.23530
66.50    8.12295
66.85    8.91489
67.20    9.16432
67.55    9.36285
67.90    7.88343
68.25    8.79424
68.60    9.08064
68.95    9.40774
69.30    9.45659
69.65    9.08103
70.00    8.51820
70.35    8.45874
70.70    7.59686
71.05    7.96454
71.40    8.99529
71.75    9.19348
72.10    9.46824
72.45    9.16916
72.80    5.69793
73.15    7.34756
73.50    7.99476
73.85    8.46172
74.20    7.14139
74.55    6.87855
74.90    6.56926
75.25    7.61006
75.60    8.85032
75.95    8.20546
76.30    7.51086
76.65    8.76652
77.00    8.93472
77.35    8.88545
77.70    8.70741
78.05    8.53628
78.40    8.74563
78.75    8.99810
79.10    8.62603
79.45    7.47048
79.80    8.63386
80.15    8.13399
80.50    8.27683
80.85    7.33639
81.20    6.64231
81.55    8.07295
81.90    9.16731
82.25    7.64322
82.60    8.90308
82.95    7.96167
83.30    6.73869
83.65    7.34364
84.00    7.48931
84.35    7.84320
84.70    7.30499
85.05    7.51090
85.40    8.39034
85.75    7.43476
86.10    9.12767
86.45    8.33973
86.80    8.32899
87.15    6.20970
87.50    7.16964
87.85    7.39914
88.20    7.67222
88.55    6.60963
88.90    7.72614
89.25    8.27010
89.60    7.51729
89.95    6.64445
90.30    8.31142
90.65    7.30076
91.00    8.57155
91.35    8.16468
91.70    7.30341
92.05    7.38860
92.40    5.99299
92.75    7.70295
93.10    8.54433
93.45    8.18962
93.80    8.99552
94.15    8.04779
94.50    8.57160
94.85    8.31842
95.20    7.18810
95.55    5.70835
95.90    8.43678
96.25    7.63863
96.60    7.45076
96.95    7.53317
97.30    7.44474
97.65    7.18054
98.00    6.94195
98.35    7.31598
98.70    8.32691
99.05    7.94450
99.40    7.85726
99.75    7.39487
100.10    7.71357
100.45    8.45123
100.80    8.69420
101.15    8.58148
101.50    8.78545
101.85    9.33692
102.20    9.36727
102.55    9.10853
102.90    9.30393
103.25    9.19911
103.60    8.93210
103.95    9.28838
104.30    8.33237
104.65    8.15489
105.00    8.98129
105.35    9.22357
105.70    9.17743
106.05    8.56366
106.40    9.12537
106.75    8.76318
107.10    9.63489
107.45    9.32052
107.80    8.99800
108.15   10.01138
108.50    9.78788
108.85    9.29202
109.20    9.34242
109.55    7.39534
109.90    9.48536
110.25    7.96573
110.60    8.79755
110.95    8.43942
111.30    8.02375
111.65    9.97779
112.00    8.70925
112.35    8.74067
112.70    8.45551
113.05    8.09544
113.40    7.29817
113.75    9.29945
114.10    7.94742
114.45    6.86949
114.80    8.32103
115.15    9.49556
115.50    9.24065
115.85    9.06839
116.20    8.50057
116.55    8.28572
116.90    6.94391
117.25    8.85109
117.60    7.42145
117.95    7.94840
118.30    8.11328
118.65    9.35845
119.00    9.84525
119.35    9.16540
119.70    9.41226
120.05    9.14905
120.40    8.35196
120.75    8.22955
121.10    8.31144
121.45    7.40404
121.80    7.87840
122.15    8.59785
122.50    8.53589
122.85    8.66686
123.20    7.69886
123.55    7.60195
123.90    8.47050
124.25    8.95041
124.60    7.90737
124.95    8.59119
125.30    8.79732
125.65    8.42058
126.00    8.79209
126.35    8.00273
126.70    8.49135
127.05    7.97605
127.40    8.75023
127.75    9.50007
128.10    9.16319
128.45    7.92779
128.80    7.78050
129.15    9.27475
129.50    8.75853
129.85    8.04039
130.20    9.17269
130.55    8.21818
130.90    8.70328
131.25    7.28460
131.60    7.39482
131.95    7.51440
132.30    7.45963
132.65    7.71203
133.00    7.03562
133.35    7.96239
133.70    8.20000
134.05    8.71875
134.40    8.48412
134.75    8.51883
135.10    8.02011
135.45    7.90672
135.80    9.39998
136.15    9.06929
136.50    7.81244
136.85    8.08581
137.20    8.57407
137.55    7.86987
137.90    7.09902
138.25    8.39285
138.60    8.24566
138.95    8.56056
139.30    7.70187
139.65    8.35891
140.00    8.12828
140.35    8.19689
140.70    8.40769
141.05    7.60975
141.40    7.97517
141.75    8.48849
142.10    8.06107
142.45    7.65714
142.80    7.63398
143.15    8.50510
143.50    8.45424
143.85    9.23568
144.20    7.78124
144.55    8.52319
144.90    7.79248
145.25    7.42681
145.60    8.07258
145.95    8.80019
146.30    9.15923
146.65    8.69980
147.00    8.57823
147.35    6.95995
147.70    8.28499
148.05    7.64613
148.40    7.63504
148.75    7.50129
149.10    8.54594
149.45    7.49655
149.80    8.49677
150.15    7.07899
150.50    8.47921
150.85    9.34273
151.20    8.06854
151.55    7.04110
151.90    6.50916
152.25    6.54939
152.60    7.75093
152.95    7.64600
153.30    8.81588
153.65    8.32009
154.00    9.23292
154.35    9.08500
154.70    8.50746
155.05    8.18835
155.40    8.01830
155.75    7.81374
156.10    7.77064
156.45    7.19554
156.80    7.70012
157.15    9.42829
157.50    7.62263
157.85    8.92710
158.20    8.08133
158.55    9.02145
158.90    9.41670
159.25   10.14431
159.60    9.39809
159.95    8.86995
160.30    7.86516
160.65    9.10651
161.00    8.73630
161.35    8.11965
161.70    9.12466
162.05    9.53329
162.40    8.91247
162.75    8.84529
163.10    8.26735
163.45    9.46726
163.80    8.92722
164.15   10.68529
164.50    9.40509
164.85    7.83164
165.20    8.56414
165.55    8.66379
165.90    8.75620
166.25    8.26404
166.60   10.10139
166.95    9.28570
167.30    8.03434
167.65    9.03824
168.00    8.06352
168.35    9.16341
168.70    9.61624
169.05    8.87485
169.40    9.01031
169.75    8.64216
170.10    7.71841
170.45    8.36184
170.80    9.00368
171.15    9.27566
171.50    6.35645
171.85    8.41301
172.20    7.42601
172.55    8.29146
172.90    8.31049
173.25    9.49404
173.60    8.55873
173.95    8.06492
174.30    9.04325
174.65    9.56269
175.00    8.92934
175.35    9.59939
175.70    9.02238
176.05    8.88076
176.40    9.09876
176.75    8.39499
177.10    8.57175
177.45    8.88785
177.80    8.35125
178.15    8.67115
178.50    8.10401
178.85    9.23536
179.20    9.18157
179.55    8.82216
179.90    8.45705
180.25    7.25885
180.60    8.61773
180.95    9.25467
181.30    9.19216
181.65    9.02142
182.00    8.88896
182.35    8.24705
182.70    7.04350
183.05    9.72001
183.40    8.68635
183.75    7.48878
184.10    8.80655
184.45    7.69579
184.80    9.80013
185.15    9.55512
185.50    9.47944
185.85    9.62311
186.20    9.82100
186.55    8.58926
186.90    8.70516
187.25    8.95538
187.60    9.30087
187.95    8.64187
188.30    8.12287
188.65    9.10544
189.00    7.64820
189.35    8.70905
189.70    7.19942
190.05    7.35428
190.40    7.17889
190.75    7.75035
191.10    6.79614
191.45    7.37990
191.80    7.95763
192.15    7.34517
192.50    7.66804
192.85    8.83424
193.20    7.56309
193.55    8.94220
193.90    8.40290
194.25    9.54655
194.60    7.84473
194.95    8.54016
195.30    8.55215
195.65    7.30040
196.00    7.44352
196.35    7.26346
196.70    7.77009
197.05    7.56801
197.40    6.94225
197.75    8.24057
198.10    8.00317
198.45    9.36815
198.80    7.54042
199.15    7.04584
199.50    6.54129
199.85    6.52563
200.20    8.19112
200.55    7.36803
200.90    7.43840
201.25    7.22170
201.60    7.38155
201.95    7.53846
202.30    8.00262
202.65    7.44521
203.00    6.93782
203.35    7.12277
203.70    8.02488
204.05    7.69668
204.40    8.05867
204.75    7.93233
205.10    7.74985
205.45    7.52280
205.80    8.73734
206.15    7.43474
206.50    8.17107
206.85    6.81489
207.20    8.67560
207.55    7.39257
207.90    7.51844
208.25    8.10038
208.60    8.14447
208.95    7.56027
209.30    9.49339
209.65    9.33731
210.00    8.80029
210.35    8.49731
210.70    8.55711
211.05    8.70176
211.40    9.58155
211.75    7.69322
212.10    9.25414
212.45    8.57369
212.80    9.04533
213.15    8.11675
213.50    8.52846
213.85    9.33826
214.20    7.74403
214.55    7.95387
214.90    8.22999
215.25    9.45811
215.60    8.30987
215.95    8.91784
216.30    8.64159
216.65    9.05798
217.00    8.91453
217.35    9.59002
217.70    8.72046
218.05    8.86502
218.40    8.98453
218.75    8.70642
219.10    7.56485
219.45    8.44295
219.80    7.03490
220.15    8.09738
220.50    7.52974
220.85    7.86703
221.20    8.35020
221.55    8.68911
221.90    9.08179
222.25    8.15607
222.60    8.16833
222.95    7.27843
223.30    7.84009
223.65    7.97301
224.00    6.85881
224.35    6.41970
224.70    6.53020
225.05    7.78484
225.40    8.29403
225.75    7.40303
226.10    7.74870
226.45    8.18064
226.80    8.06895
227.15    8.58408
227.50    8.39899
227.85    7.43300
228.20    7.47723
228.55    7.67850
228.90    7.93952
229.25    8.01512
229.60    8.69073
229.95    7.23620
230.30    8.52522
230.65    8.32971
231.00    7.29996
231.35    6.73460
231.70    7.41125
232.05    7.76989
232.40    7.01662
232.75    7.30295
233.10    8.86352
233.45    8.20514
233.80    7.54185
234.15    6.92152
234.50    7.77354
234.85    7.53235
235.20    7.59123
235.55    7.43075
235.90    8.78409
236.25    8.58567
236.60    9.33461
236.95    8.24323
237.30    7.77378
237.65    8.19259
238.00    7.96867
238.35    9.06398
238.70    8.34626
239.05    9.54425
239.40    9.22392
239.75    9.23160
240.10    8.77704
240.45    7.69708
240.80    8.73484
241.15   10.41047
241.50    8.50180
241.85    8.36487
242.20    8.53408
242.55    9.29530
242.90    8.40371
243.25    8.45732
243.60    8.82313
243.95    7.84974
244.30    8.72688
244.65    8.60750
245.00    7.64799
245.35    8.21762
245.70    7.75382
246.05    9.02166
246.40    8.22521
246.75    9.41754
247.10    8.12932
247.45    9.87282
247.80    8.78885
248.15    8.77564
248.50    8.61616
248.85    9.26232
249.20    9.63812
249.55    9.13877
249.90    8.96977
