# constriction site width [nm] vs time [ns]
 0.00   10.60212
 0.35    9.26957
 0.70    9.84365
 1.05    8.23001
 1.40    8.44585
 1.75    9.60128
 2.10   10.00282
 2.45    8.62072
 2.80    9.58410
 3.15    9.45350
 3.50    8.97706
 3.85    9.12718
 4.20    9.20495
 4.55    9.71736
 4.90   10.04375
 5.25    9.75049
 5.60    9.97152
 5.95    9.79378
 6.30   10.16039
 6.65    9.76625
 7.00    8.62879
 7.35    6.86983
 7.70    9.70805
 8.05    9.19119
 8.40    9.20768
 8.75    7.71223
 9.10    6.75359
 9.45    9.23858
 9.80    9.52197
10.15    7.28100
10.50    9.30790
10.85    8.86293
11.20    8.68717
11.55    8.78911
11.90    9.32518
12.25    9.35223
12.60    9.36386
12.95    8.49005
13.30    7.50116
13.65    6.91097
14.00    8.26624
14.35    7.79051
14.70    9.16756
15.05    8.14982
15.40    9.19788
15.75    9.74327
16.10    8.13617
16.45    9.66769
16.80    8.60475
17.15    8.69085
17.50    6.63437
17.85    7.94539
18.20   10.13617
18.55    8.52181
18.90    6.98770
19.25   10.06558
19.60   10.35960
19.95   10.38063
20.30    9.42325
20.65   10.16486
21.00   10.50349
21.35    9.53360
21.70    9.82238
22.05    9.76602
22.40   10.54107
22.75   10.39937
23.10    8.88971
23.45   10.01005
23.80    8.93827
24.15    9.78608
24.50   10.03391
24.85   10.08898
25.20    9.78921
25.55    9.38313
25.90    9.79419
26.25    9.57454
26.60    9.22867
26.95    9.55501
27.30   10.23207
27.65    9.98669
28.00    9.87803
28.35    9.76193
28.70   10.40905
29.05    8.36395
29.40    9.53283
29.75    8.89548
30.10    9.19924
30.45   10.41822
30.80    9.37308
31.15    7.86162
31.50    7.79092
31.85    8.75429
32.20    8.59063
32.55    9.81665
32.90    9.64389
33.25    8.55762
33.60   10.55390
33.95    8.84400
34.30    8.72000
34.65   10.55231
35.00   11.05192
35.35   10.39022
35.70   10.17215
36.05    9.15211
36.40    9.47123
36.75    8.68867
37.10    9.49401
37.45    8.74713
37.80    9.76639
38.15    9.36230
38.50    9.78032
38.85    9.71272
39.20    9.81155
39.55   10.71578
39.90    9.58262
40.25   10.41044
40.60    9.67207
40.95    9.79515
41.30    8.63910
41.65    9.63753
42.00    9.27408
42.35    9.13229
42.70    9.89622
43.05    9.77805
43.40   10.03839
43.75   10.08036
44.10   10.08088
44.45   10.56225
44.80    9.79644
45.15    9.96598
45.50    9.44626
45.85    9.40934
46.20    9.22501
46.55    9.76543
46.90    9.95827
47.25    9.25266
47.60   10.05183
47.95    9.18393
48.30   10.37696
48.65   10.41717
49.00   10.34665
49.35    9.49039
49.70    9.68874
50.05    9.11587
50.40    9.37545
50.75    8.38473
51.10    9.78346
51.45    9.55267
51.80    9.53486
52.15    9.35961
52.50    6.19383
52.85    8.74404
53.20    8.16140
53.55    8.13126
53.90    9.54967
54.25    9.83194
54.60    9.05767
54.95    7.70047
55.30    9.39219
55.65    8.98506
56.00    9.94021
56.35    9.99989
56.70   10.21965
57.05    9.72931
57.40   10.27020
57.75   10.59883
58.10    9.30019
58.45    5.27459
58.80    9.24000
59.15    9.73670
59.50    9.10946
59.85   10.02982
60.20    9.69211
60.55    9.61774
60.90    9.70883
61.25    9.56571
61.60   10.42699
61.95    9.95296
62.30    9.34816
62.65    9.97659
63.00    9.92584
63.35    9.83136
63.70    9.42310
64.05   10.03307
64.40   10.63123
64.75   10.03887
65.10    9.95041
65.45    9.87680
65.80    9.68843
66.15    8.39202
66.50    9.50909
66.85    8.70802
67.20    9.99653
67.55   10.22247
67.90    8.90555
68.25    9.55802
68.60    9.78993
68.95    9.14398
69.30    9.36739
69.65   10.01028
70.00    9.58314
70.35    9.38176
70.70   10.45260
71.05    9.58792
71.40    9.79110
71.75    8.34708
72.10    8.50050
72.45    8.14896
72.80    9.00772
73.15   10.35873
73.50    9.92927
73.85    9.53179
74.20    9.34875
74.55    9.65756
74.90    9.55512
75.25    9.41884
75.60    9.65971
75.95    9.66134
76.30    9.68832
76.65    9.07319
77.00    9.40667
77.35   10.37232
77.70   10.22190
78.05   10.00714
78.40    9.55946
78.75    9.02453
79.10    8.58628
79.45    9.05336
79.80    8.99373
80.15    8.90801
80.50    9.53929
80.85    9.21348
81.20    9.27646
81.55    9.20577
81.90    9.11288
82.25    9.13847
82.60    9.34702
82.95    8.90973
83.30    8.85143
83.65    9.33603
84.00    9.06189
84.35    9.10927
84.70    8.87402
85.05    9.16588
85.40    9.26410
85.75    9.44432
86.10    9.32119
86.45    9.19144
86.80    5.66597
87.15    7.02155
87.50    5.71001
87.85    9.06108
88.20    9.02272
88.55    9.27804
88.90    8.94942
89.25    8.42667
89.60    8.58970
89.95    8.14331
90.30    8.72748
90.65    9.04026
91.00    8.47832
91.35    9.61904
91.70    8.56644
92.05    8.27365
92.40    9.29141
92.75    8.51791
93.10    8.75780
93.45    9.40201
93.80    8.73645
94.15    9.32286
94.50    9.19681
94.85    9.43538
95.20    9.66973
95.55    8.76149
95.90    9.29194
96.25    8.74205
96.60    8.91033
96.95    9.33461
97.30    9.14650
97.65    7.65217
98.00    9.16766
98.35    8.11972
98.70    8.84970
99.05    8.90893
99.40    9.32774
99.75    8.31636
100.10    8.61659
100.45    9.01916
100.80    8.26416
101.15    8.31003
101.50    9.20452
101.85    8.86757
102.20    8.65728
102.55    9.24892
102.90    9.96209
103.25    9.95391
103.60    9.48286
103.95    9.07479
104.30    9.81186
104.65    9.96534
105.00    9.93690
105.35   10.48934
105.70   10.59964
106.05   10.94793
106.40   10.02329
106.75   10.46716
107.10   10.26412
107.45   10.23259
107.80    9.88212
108.15    9.89629
108.50   10.20538
108.85   10.57135
109.20   10.09926
109.55   10.84153
109.90   10.48715
110.25   10.47418
110.60   11.72918
110.95   11.01307
111.30   10.19512
111.65   11.33635
112.00   10.95798
112.35   10.20146
112.70    9.45980
113.05    9.72646
113.40    8.73801
113.75    7.49870
114.10    7.07609
114.45    8.11572
114.80   10.36513
115.15    9.48391
115.50   10.96069
115.85   10.83389
116.20   10.36035
116.55    9.68962
116.90    9.57288
117.25   10.05530
117.60   10.68557
117.95    9.45495
118.30   10.73940
118.65    9.62432
119.00    9.76522
119.35    9.74909
119.70   10.17996
120.05    9.10713
120.40   10.31895
120.75   10.54006
121.10   10.45387
121.45   10.25287
121.80    9.13433
122.15   10.71844
122.50   10.12773
122.85    9.41429
123.20    9.37212
123.55   10.42884
123.90   10.46394
124.25    9.46179
124.60    9.50262
124.95    9.25214
125.30    8.99937
125.65    9.68117
126.00   10.02391
126.35    9.17792
126.70    9.73672
127.05    9.63695
127.40    9.91964
127.75   10.12804
128.10   10.02271
128.45    8.98950
128.80    9.96109
129.15    9.76754
129.50    8.29488
129.85    9.77596
130.20   12.08246
130.55   10.58984
130.90   11.17718
131.25   10.09752
131.60   10.04499
131.95   10.38580
132.30   10.40100
132.65   10.57807
133.00    9.22050
133.35   11.16776
133.70    7.87305
134.05   10.35155
134.40   10.49057
134.75    9.12219
135.10    9.93315
135.45   11.00633
135.80   10.11060
136.15    9.90249
136.50    9.73521
136.85    9.25195
137.20    9.86386
137.55    9.12289
137.90    9.97782
138.25    9.59325
138.60    9.86381
138.95   10.37350
139.30    9.54145
139.65   10.38339
140.00   10.35199
140.35   10.08534
140.70   10.29805
141.05    9.85182
141.40    9.86902
141.75    9.59702
142.10   10.29721
142.45    9.72041
142.80    9.46384
143.15    9.62171
143.50    9.86416
143.85    8.50395
144.20    9.68771
144.55    9.58019
144.90    9.16534
145.25    9.93172
145.60    9.49520
145.95    7.99369
146.30    7.92982
146.65    8.60087
147.00    9.54818
147.35    9.35328
147.70    9.13045
148.05    9.06946
148.40    8.83992
148.75    9.96847
149.10    9.67501
149.45    9.44597
149.80    9.48116
150.15   10.18128
150.50    8.70719
150.85    9.62853
151.20    9.50592
151.55    9.26957
151.90   10.50482
152.25    9.82136
152.60    9.45176
152.95    9.71584
153.30    9.13729
153.65    9.52745
154.00   10.20546
154.35   10.04435
154.70    9.88968
155.05    9.99697
155.40    9.94422
155.75   10.19691
156.10   10.05445
156.45    9.92803
156.80   10.26728
157.15    9.76037
157.50    9.07951
157.85    9.93754
158.20    8.50179
158.55    9.63092
158.90   10.25705
159.25    9.63184
159.60    9.39728
159.95    9.34997
160.30    8.73149
160.65   10.13273
161.00    9.10948
161.35    8.98953
161.70   10.69906
162.05    9.20986
162.40   10.25415
162.75    9.20624
163.10    8.81351
163.45    9.64603
163.80   10.27662
164.15    8.83858
164.50    8.19749
164.85    8.58261
165.20    8.87314
165.55   10.54424
165.90   10.15218
166.25    9.44733
166.60   10.02166
166.95    9.54484
167.30    9.22224
167.65    9.80211
168.00    9.22772
168.35    9.55403
168.70    7.94518
169.05    9.30391
169.40    9.07527
169.75   10.57776
170.10   10.70852
170.45   10.38331
170.80   10.69519
171.15   10.02446
171.50    9.64139
171.85   10.07808
172.20    9.55601
172.55    9.53720
172.90    9.17541
173.25   10.39014
173.60   10.01653
173.95    9.09143
174.30    9.35454
174.65    9.80012
175.00    7.58933
175.35    9.79564
175.70    9.34271
176.05    8.75192
176.40    7.89892
176.75    7.73583
177.10    8.75402
177.45    8.41859
177.80    6.38982
178.15    6.04692
178.50    6.08685
178.85    5.95592
179.20    5.88767
179.55    6.86244
179.90    6.38415
180.25    4.96980
180.60    5.95250
180.95    6.37026
181.30    5.47569
181.65    6.34770
182.00    6.14072
182.35    6.27608
182.70    7.29837
183.05    6.68544
183.40    5.12433
183.75    6.52040
184.10    6.27861
184.45    8.66280
184.80    8.12942
185.15    7.28047
185.50    7.55558
185.85    7.28955
186.20    7.67730
186.55    7.55480
186.90    8.85860
187.25    6.89945
187.60    6.18654
187.95    7.39826
188.30    6.45349
188.65    6.22490
189.00    6.86420
189.35    5.56924
189.70    7.80042
190.05    5.05310
190.40    5.22063
190.75    6.71838
191.10    9.13115
191.45    8.82425
191.80    8.40974
192.15    8.78148
192.50    9.53015
192.85    8.74567
193.20    8.84643
193.55    8.64331
193.90    8.78843
194.25    8.41434
194.60    8.46396
194.95    9.55474
195.30    8.91671
195.65    8.28136
196.00    9.82746
196.35    9.75044
196.70    9.79052
197.05    8.57881
197.40    6.87876
197.75    8.40554
198.10    9.76383
198.45    8.18657
198.80    9.05591
199.15    8.76396
199.50    6.99663
199.85    7.91355
200.20    6.29843
200.55    5.95482
200.90    5.23733
201.25    8.86843
201.60    8.25923
201.95    9.90359
202.30    7.48399
202.65    5.08607
203.00    5.09051
203.35    6.04712
203.70    6.72670
204.05    6.58882
204.40    6.21645
204.75    6.63593
205.10    8.35896
205.45    8.43356
205.80    8.45767
206.15    9.43760
206.50    9.98699
206.85    9.20924
207.20    8.79875
207.55    7.29532
207.90    9.87914
208.25    9.02477
208.60    7.62736
208.95    9.78132
209.30    8.88466
209.65    9.39871
210.00    8.77961
210.35    8.07557
210.70    8.45484
211.05    9.61990
211.40   10.06942
211.75    9.26812
212.10    9.01924
212.45    9.22859
212.80    6.26669
213.15    7.13356
213.50    8.32737
213.85    7.42119
214.20    8.15075
214.55    8.85855
214.90    9.82808
215.25    9.19968
215.60    9.34375
215.95    8.95769
216.30    9.88528
216.65   10.25548
217.00   10.04152
217.35    9.03693
217.70   11.49361
218.05    8.66790
218.40    8.76128
218.75    8.35699
219.10    7.96453
219.45    8.65656
219.80    8.49271
220.15    9.18481
220.50    8.27464
220.85    8.28841
221.20    8.00113
221.55    8.54966
221.90    8.90675
222.25    9.27053
222.60   10.08984
222.95   10.05394
223.30    8.54988
223.65    9.20854
224.00   10.71380
224.35    9.33563
224.70    6.57483
225.05    6.98700
225.40    8.95204
225.75    5.04650
226.10    9.27880
226.45    8.63067
226.80    9.08456
227.15    8.77956
227.50    9.37974
227.85    9.14174
228.20    8.84983
228.55    9.04396
228.90    9.19612
229.25    9.04697
229.60    8.44343
229.95    9.28476
230.30    8.81063
230.65    9.59393
231.00    8.56609
231.35    9.09433
231.70    8.61137
232.05    5.15117
232.40    8.95843
232.75    9.80227
233.10    8.88806
233.45    9.35384
233.80    6.86068
234.15    7.94120
234.50    4.39424
234.85    8.13211
235.20    8.91998
235.55    7.47856
235.90    8.89917
236.25    7.92045
236.60    8.68424
236.95    8.87423
237.30    9.25852
237.65    7.22587
238.00   10.92549
238.35    8.71436
238.70    9.98178
239.05    8.78979
239.40    9.86697
239.75    9.16990
240.10    8.71712
240.45    9.72802
240.80    9.21305
241.15    9.47674
241.50    9.18401
241.85    8.72591
242.20    9.62280
242.55    9.24996
242.90    9.14226
243.25    9.51939
243.60    8.82454
243.95    9.01193
244.30    9.07913
244.65    8.50940
245.00    7.96150
245.35    8.52202
245.70    7.64907
246.05    8.21585
246.40    8.58949
246.75    8.65087
247.10    7.25900
247.45    7.18914
247.80    7.91854
248.15    7.72769
248.50    7.61532
248.85    9.02157
249.20    8.27535
249.55    9.46642
249.90    9.55705
