# constriction site width [nm] vs time [ns]
 0.00   10.32660
 0.35    8.99672
 0.70    9.50531
 1.05    9.68676
 1.40    9.59644
 1.75   10.31379
 2.10    9.22305
 2.45   10.11884
 2.80    9.60522
 3.15   10.12811
 3.50    9.60203
 3.85    8.46520
 4.20   10.10281
 4.55   10.41194
 4.90    9.82125
 5.25   10.17476
 5.60   10.14495
 5.95    9.75449
 6.30   10.23705
 6.65   10.68152
 7.00   10.75868
 7.35    9.91273
 7.70   10.18528
 8.05    9.74320
 8.40   10.37583
 8.75   10.62486
 9.10   11.02002
 9.45   10.27650
 9.80    9.95731
10.15   10.40038
10.50    8.11065
10.85    8.72523
11.20    8.83471
11.55    9.34164
11.90    8.24772
12.25    9.01936
12.60    9.69295
12.95    8.48479
13.30    7.91883
13.65    7.93881
14.00    8.13820
14.35    8.30381
14.70    8.44221
15.05    9.03590
15.40    8.06049
15.75    8.82876
16.10    7.71331
16.45    8.73905
16.80    9.63877
17.15    7.64274
17.50    7.84350
17.85    7.85001
18.20    7.69482
18.55    9.71587
18.90    8.05046
19.25    7.46739
19.60    7.34581
19.95    8.72762
20.30    7.26505
20.65    7.86089
21.00    8.93907
21.35    8.40007
21.70    7.75074
22.05    8.06956
22.40    7.87064
22.75    7.97508
23.10    9.32615
23.45    8.44032
23.80    8.85051
24.15    7.64881
24.50    7.97799
24.85    7.19903
25.20    7.23854
25.55    7.74322
25.90    7.12158
26.25    7.72260
26.60    8.88593
26.95    7.56149
27.30    7.14388
27.65    7.96392
28.00    8.32436
28.35    9.12766
28.70    8.09176
29.05    7.46639
29.40    7.39105
29.75    7.76634
30.10    7.98700
30.45    8.00380
30.80    8.09015
31.15    7.97563
31.50    8.76554
31.85    8.25896
32.20    8.44945
32.55    8.45243
32.90    9.25654
33.25    9.50801
33.60    9.14383
33.95    8.03755
34.30    7.77918
34.65    5.38710
35.00    7.39186
35.35    8.23923
35.70    7.61676
36.05    8.00799
36.40    9.42861
36.75    7.71451
37.10    7.48548
37.45    7.50640
37.80    9.46168
38.15    9.78894
38.50    9.84941
38.85   10.63887
39.20   10.35504
39.55   11.28258
39.90   11.10986
40.25   10.73781
40.60    9.43242
40.95    9.77579
41.30   10.39129
41.65    8.62093
42.00    8.77248
42.35    8.40868
42.70    7.59186
43.05    8.74392
43.40    6.77398
43.75    8.43492
44.10   10.06710
44.45    7.28853
44.80    9.95757
45.15   10.14568
45.50    9.60652
45.85    8.19286
46.20   10.97870
46.55   11.81478
46.90   11.41777
47.25   11.05815
47.60   11.41791
47.95   11.31867
48.30   11.57523
48.65   10.99796
49.00   10.68368
49.35   11.21293
49.70   11.75472
50.05   11.14498
50.40   10.71816
50.75    8.61792
51.10    9.07706
51.45    9.50325
51.80   10.00830
52.15   10.01980
52.50    9.98397
52.85    9.56180
53.20   10.65592
53.55    9.57687
53.90   10.31564
54.25   10.73075
54.60   10.03888
54.95   10.31810
55.30   10.18309
55.65   10.15161
56.00   10.60291
56.35   10.90419
56.70    9.45402
57.05    9.38852
57.40   10.29366
57.75   10.77130
58.10   10.22244
58.45   10.33356
58.80    9.77464
59.15   11.51863
59.50   10.19015
59.85   10.92867
60.20   10.81074
60.55   10.70780
60.90   10.89747
61.25   10.09990
61.60    8.87040
61.95   10.38240
62.30   10.73512
62.65   10.08080
63.00   10.03889
63.35   10.47018
63.70   10.22270
64.05   10.97162
64.40   10.90845
64.75    9.95790
65.10   10.25884
65.45   10.59893
65.80   10.33338
66.15   10.34651
66.50   10.04638
66.85    9.91116
67.20    9.70369
67.55   10.29753
67.90   10.99640
68.25    7.19476
68.60    7.08083
68.95    7.27000
69.30    6.98632
69.65    9.78763
70.00   10.20398
70.35   10.50544
70.70   11.10715
71.05    9.70084
71.40   10.78730
71.75   11.33233
72.10   10.74365
72.45   10.32995
72.80   10.55437
73.15    8.93060
73.50    8.56352
73.85    8.93556
74.20    7.48164
74.55    7.53325
74.90    6.86157
75.25    8.85285
75.60    8.54260
75.95    8.63616
76.30    8.66725
76.65   10.10810
77.00    8.04909
77.35    6.76504
77.70    7.25688
78.05   10.33824
78.40    9.93833
78.75   10.10776
79.10    9.42737
79.45    9.91518
79.80   10.43381
80.15   10.17008
80.50    9.62791
80.85    9.29581
81.20    9.59765
81.55    9.11383
81.90   11.02529
82.25    9.44240
82.60    9.99416
82.95   10.09135
83.30    9.93267
83.65    9.22939
84.00   10.54898
84.35    7.80853
84.70    7.19618
85.05    6.74379
85.40   11.07945
85.75    7.28241
86.10   10.48839
86.45   10.46041
86.80    9.86677
87.15    9.93484
87.50   10.43658
87.85   10.97276
88.20    9.83798
88.55   10.17473
88.90   10.13878
89.25   10.72996
89.60   10.21787
89.95   11.01251
90.30   10.72340
90.65   10.20546
91.00   10.34488
91.35    9.98745
91.70    9.74348
92.05    9.96404
92.40   10.58424
92.75   10.38883
93.10   10.90616
93.45   10.51048
93.80   10.77584
94.15   11.45307
94.50    9.82822
94.85   10.31929
95.20   10.25517
95.55   10.56278
95.90   10.15459
96.25    9.96189
96.60   10.02169
96.95   10.05105
97.30   10.58362
97.65   10.32508
98.00    9.90074
98.35   10.67802
98.70   11.18185
99.05   10.71139
99.40   11.00090
99.75   10.74692
100.10   11.07263
100.45   10.83897
100.80   10.93026
101.15   10.72865
101.50   10.52782
101.85   10.19916
102.20   10.02810
102.55    9.73165
102.90    9.43105
103.25   10.08464
103.60    9.64567
103.95    9.79981
104.30    9.90221
104.65   10.33463
105.00   10.39142
105.35   10.17795
105.70   10.33687
106.05    9.38105
106.40    9.90640
106.75    8.86764
107.10    9.02621
107.45    9.75817
107.80   10.39590
108.15   10.27758
108.50    9.98281
108.85   10.46900
109.20   11.02139
109.55    9.90128
109.90   10.50822
110.25    9.93187
110.60    9.54821
110.95    9.50514
111.30   10.04566
111.65    9.84208
112.00   10.08538
112.35    9.59922
112.70    9.35609
113.05    9.22642
113.40   10.47513
113.75    9.50043
114.10    9.91469
114.45    9.57009
114.80    9.49658
115.15   10.37867
115.50   10.40349
115.85    9.93157
116.20    9.70468
116.55   10.18606
116.90    9.87171
117.25   10.52000
117.60   10.29018
117.95   10.62250
118.30   11.17378
118.65   10.96123
119.00   10.51546
119.35    9.69552
119.70    9.55725
120.05   11.37327
120.40   10.52293
120.75   10.09188
121.10   10.03800
121.45    9.07188
121.80    9.04148
122.15    9.84233
122.50    9.95886
122.85    9.77327
123.20   10.13774
123.55   10.58478
123.90   10.83735
124.25   10.74307
124.60   10.86593
124.95   10.87268
125.30   10.23166
125.65   10.21445
126.00   10.35393
126.35    6.52388
126.70    6.98662
127.05    8.53033
127.40    9.50976
127.75    7.12433
128.10    8.03556
128.45    8.09557
128.80   10.11249
129.15    7.61078
129.50    8.29748
129.85    7.35030
130.20    9.23967
130.55    9.80007
130.90    9.14833
131.25    9.25128
131.60    8.91260
131.95    7.09275
132.30    8.86688
132.65    8.46705
133.00    7.68158
133.35    7.89096
133.70    9.13433
134.05    8.79347
134.40    8.96101
134.75    8.51123
135.10    8.64318
135.45    8.53282
135.80    8.24220
136.15    9.19650
136.50    8.87284
136.85    8.81722
137.20    8.17950
137.55    7.74759
137.90    8.56912
138.25    8.01396
138.60    8.73874
138.95    8.06191
139.30    7.82626
139.65    8.97266
140.00    8.14581
140.35    7.21148
140.70    8.47288
141.05    7.73761
141.40    8.46654
141.75    6.20849
142.10    7.07807
142.45    8.69328
142.80    7.76824
143.15    7.18705
143.50    8.78277
143.85   10.28952
144.20    9.46140
144.55    9.62032
144.90    8.63597
145.25    8.86565
145.60    9.55670
145.95    8.81920
146.30    8.71813
146.65    8.25103
147.00    9.01198
147.35    9.85744
147.70    9.41483
148.05    9.53020
148.40    8.94996
148.75    9.90177
149.10    9.59013
149.45    9.72938
149.80   10.21588
150.15    8.95212
150.50    9.14953
150.85    9.70812
151.20   10.12830
151.55    9.26098
151.90   10.23902
152.25    9.64034
152.60   10.34825
152.95    9.39849
153.30    8.80305
153.65    9.51724
154.00    9.96398
154.35   10.10721
154.70   10.29494
155.05   10.31136
155.40    9.67126
155.75   10.15614
156.10    8.77456
156.45   10.32927
156.80    9.50720
157.15    9.15602
157.50    8.44150
157.85    9.55947
158.20    8.32087
158.55    9.18034
158.90    9.23133
159.25    9.67395
159.60    9.36049
159.95   10.80785
160.30    9.73529
160.65   10.25153
161.00   10.21855
161.35    9.56177
161.70   10.28742
162.05   10.41336
162.40   10.03935
162.75    9.92754
163.10    9.49418
163.45    9.31210
163.80    9.97487
164.15   10.50727
164.50    9.86982
164.85   10.48888
165.20   10.66794
165.55    8.96166
165.90    8.81415
166.25    9.61183
166.60   10.12329
166.95    9.57508
167.30    9.28223
167.65    9.98432
168.00    9.40908
168.35    8.27131
168.70    6.36968
169.05    7.78190
169.40    8.23211
169.75    8.16437
170.10    7.73275
170.45    7.69277
170.80    8.89676
171.15    9.31863
171.50    9.64458
171.85   10.18749
172.20    9.58484
172.55    8.17639
172.90    7.97582
173.25    7.61188
173.60    9.40898
173.95    8.72980
174.30   10.33820
174.65   10.35053
175.00   10.07159
175.35    9.57721
175.70    9.11449
176.05    8.51903
176.40    9.14280
176.75   10.50561
177.10    8.53199
177.45    9.50332
177.80    9.68980
178.15    9.69334
178.50    9.89767
178.85    7.87593
179.20    8.23693
179.55    9.19860
179.90    8.58390
180.25    9.51722
180.60    9.23485
180.95    9.08142
181.30    9.67430
181.65    9.32382
182.00    8.48247
182.35    9.08562
182.70   10.01115
183.05    8.58856
183.40    9.61163
183.75    9.30514
184.10   10.12278
184.45   10.37041
184.80    9.98547
185.15   10.08052
185.50   10.30402
185.85   10.09682
186.20    8.64919
186.55   10.16903
186.90    8.76292
187.25    7.29992
187.60    9.10749
187.95    7.86959
188.30    8.89467
188.65    8.58862
189.00    9.80812
189.35    9.19488
189.70    9.18260
190.05    7.91258
190.40    8.04057
190.75    6.78402
191.10    6.84785
191.45    8.46107
191.80    8.19418
192.15    7.27240
192.50    9.42742
192.85   11.13659
193.20   11.09698
193.55   10.92870
193.90   11.48061
194.25   11.58006
194.60   11.33105
194.95   10.63738
195.30   10.64744
195.65   10.64531
196.00   11.03805
196.35   11.17519
196.70    8.83405
197.05   10.87824
197.40   12.05474
197.75   11.01474
198.10   11.69754
198.45   10.76577
198.80   12.80242
199.15   11.53220
199.50   10.38254
199.85   11.05823
200.20   10.29715
200.55   11.04396
200.90    9.93281
201.25   10.66553
201.60   10.99745
201.95   11.52159
202.30   11.33102
202.65   11.55306
203.00   11.73668
203.35   10.70351
203.70   11.41817
204.05   11.69063
204.40   11.51783
204.75   11.31390
205.10   11.60629
205.45   11.44832
205.80   11.41692
206.15   11.85820
206.50   11.03108
206.85   10.84766
207.20   11.09841
207.55   11.61473
207.90   11.54783
208.25   11.01458
208.60   10.48900
208.95   10.72799
209.30   10.69448
209.65   11.35938
210.00   10.33707
210.35   10.48822
210.70   10.95050
211.05   11.83585
211.40   10.98453
211.75   11.05278
212.10   11.06820
212.45   11.68269
212.80   12.24986
213.15   11.13531
213.50   11.74621
213.85   11.17127
214.20   11.25713
214.55   11.38803
214.90   11.38858
215.25   10.57439
215.60   11.43104
215.95    8.98272
216.30   11.05211
216.65   10.46639
217.00   11.34299
217.35   11.74121
217.70   11.43959
218.05   11.33526
218.40   11.55442
218.75   11.27948
219.10   11.63356
219.45   11.25359
219.80   11.19530
220.15   10.26776
220.50   11.31234
220.85    9.43995
221.20   10.07922
221.55   11.39800
221.90   10.20252
222.25   10.51092
222.60   10.27950
222.95   11.11870
223.30   10.99891
223.65   12.27761
224.00   11.02199
224.35   10.92853
224.70   11.68878
225.05   11.54702
225.40   11.36362
225.75   10.59344
226.10   11.40974
226.45   11.75786
226.80   11.33214
227.15   11.70883
227.50   11.35599
227.85   11.07984
228.20   10.93846
228.55   10.38128
228.90   11.16920
229.25   12.03946
229.60   11.38340
229.95    9.70586
230.30   10.91578
230.65   11.40162
231.00   10.66001
231.35   11.50425
231.70   11.67489
232.05   11.02147
232.40   11.12993
232.75   10.21431
233.10   11.51530
233.45   11.27924
233.80   11.18262
234.15   11.57937
234.50   11.99081
234.85   11.81956
235.20   11.51944
235.55   11.14301
235.90   11.42106
236.25   12.42584
236.60   11.21445
236.95   11.15095
237.30   11.30422
237.65   11.93614
238.00   12.14114
238.35   11.97654
238.70   11.49839
239.05   11.01283
239.40   10.21408
239.75    9.93347
240.10   10.78430
240.45   11.31982
240.80   11.65611
241.15   11.57511
241.50   11.37499
241.85   12.10290
242.20   11.67511
242.55   11.42702
242.90   11.12044
243.25   11.83771
243.60   11.97836
243.95   11.96853
244.30   11.40904
244.65   10.78875
245.00   11.49665
245.35   12.10644
245.70   12.21190
246.05   11.75816
246.40   11.26426
246.75   12.06561
247.10   12.35947
247.45   11.21620
247.80   11.49695
248.15   11.39872
248.50   10.80423
248.85   10.92385
249.20   11.72769
249.55   11.52869
249.90   11.98456
