# constriction site width [nm] vs time [ns]
 0.00   11.08575
 0.35   11.49112
 0.70   12.04190
 1.05   11.82582
 1.40   10.64244
 1.75   11.05392
 2.10   12.50198
 2.45   11.21521
 2.80   12.26632
 3.15   11.76724
 3.50   11.01281
 3.85   10.76099
 4.20   11.00199
 4.55   11.41942
 4.90   11.65548
 5.25   11.33489
 5.60   11.37253
 5.95   11.28654
 6.30   11.16739
 6.65   11.80247
 7.00   11.31051
 7.35   11.57748
 7.70   10.20535
 8.05   10.06859
 8.40   10.23514
 8.75   10.41710
 9.10   11.42911
 9.45   10.86245
 9.80   11.33741
10.15   11.42484
10.50   11.45895
10.85   11.95926
11.20   11.39459
11.55   11.65826
11.90   12.03568
12.25   11.19301
12.60   11.32740
12.95   11.12905
13.30   10.80270
13.65   10.22553
14.00   11.28640
14.35   10.74323
14.70   10.47900
15.05   10.71172
15.40   11.21869
15.75   11.07477
16.10   11.87540
16.45   10.99169
16.80   11.61082
17.15   11.82964
17.50   11.49434
17.85   11.90316
18.20   11.81513
18.55   10.58303
18.90   10.66697
19.25   10.25848
19.60   10.31418
19.95   10.67616
20.30   11.00076
20.65   11.07118
21.00   10.62533
21.35    9.29700
21.70   10.70070
22.05   11.71415
22.40   11.61823
22.75   11.04552
23.10   10.93693
23.45   12.11363
23.80   11.74690
24.15   10.47170
24.50   10.94024
24.85   10.84781
25.20    9.75538
25.55   10.23538
25.90   10.56474
26.25   11.95530
26.60   10.87494
26.95   11.25306
27.30   10.74753
27.65   11.01477
28.00   11.72631
28.35   11.44815
28.70   11.52060
29.05   11.58205
29.40   10.98243
29.75   11.10972
30.10   11.50107
30.45   10.86770
30.80   10.71383
31.15   11.49291
31.50   10.88772
31.85   10.89838
32.20   10.83111
32.55   11.37775
32.90   11.16359
33.25   11.59218
33.60   11.66701
33.95   10.81618
34.30   11.27799
34.65   10.93188
35.00   11.57514
35.35   11.34730
35.70   11.85048
36.05   12.00267
36.40   11.25496
36.75   11.66499
37.10   11.59738
37.45   11.82144
37.80   11.03373
38.15   11.90718
38.50   11.98512
38.85   11.19362
39.20   11.72938
39.55   11.86804
39.90   11.34606
40.25   11.61521
40.60   11.38751
40.95   11.57435
41.30   11.25663
41.65   10.92346
42.00   11.10195
42.35   11.09294
42.70   11.25873
43.05   10.92730
43.40   11.62077
43.75   11.32878
44.10   11.46336
44.45   12.37022
44.80   12.26132
45.15   10.94761
45.50   10.91087
45.85   12.18947
46.20   12.42676
46.55   11.55347
46.90   11.66338
47.25   11.83935
47.60   11.24477
47.95   11.44285
48.30   10.51966
48.65   11.43669
49.00   11.41173
49.35   11.51719
49.70   11.35937
50.05   10.26010
50.40   12.17923
50.75   11.63771
51.10   11.71966
51.45   11.31698
51.80   10.92846
52.15   11.62554
52.50   10.89086
52.85   11.39701
53.20   11.40349
53.55   11.73565
53.90   11.81377
54.25   11.67838
54.60   11.62640
54.95   11.66706
55.30   11.65293
55.65   11.60251
56.00   11.56909
56.35   12.56550
56.70   11.68343
57.05   12.11423
57.40   11.99900
57.75   12.23867
58.10   11.65087
58.45   12.44234
58.80   11.83478
59.15   12.02387
59.50   11.74625
59.85   11.40001
60.20   11.41970
60.55   11.84028
60.90   12.57426
61.25   11.95065
61.60   12.04555
61.95   12.17441
62.30   11.79693
62.65   11.55485
63.00   11.87147
63.35   12.46507
63.70   12.03689
64.05   12.15125
64.40   11.83073
64.75   11.99962
65.10   12.00582
65.45   11.84390
65.80   11.70035
66.15   11.98361
66.50   11.62098
66.85   12.40220
67.20   12.23052
67.55   12.15157
67.90   11.78955
68.25   11.58327
68.60   12.12034
68.95   12.62017
69.30   12.78904
69.65   11.62518
70.00   12.06410
70.35   12.75248
70.70   12.25409
71.05   12.37645
71.40   12.54121
71.75   11.92753
72.10   11.75904
72.45   12.09790
72.80   12.18350
73.15   12.66316
73.50   11.89083
73.85   11.81800
74.20   12.20601
74.55   12.00891
74.90   12.29772
75.25   11.37634
75.60   11.76587
75.95   11.80775
76.30   12.32229
76.65   11.40224
77.00   12.24596
77.35   11.44889
77.70   11.27320
78.05   11.57187
78.40   11.30244
78.75   11.59984
79.10   11.82075
79.45   11.87925
79.80   11.66629
80.15   11.74677
80.50   11.04483
80.85   10.82204
81.20   11.91828
81.55   10.81020
81.90   11.37190
82.25   10.98053
82.60   11.55381
82.95   10.87176
83.30   11.19729
83.65   11.19981
84.00   11.57917
84.35   11.43978
84.70   11.13025
85.05   11.34518
85.40   11.48849
85.75   11.22983
86.10   11.62093
86.45   10.69715
86.80    9.18178
87.15   11.19426
87.50   11.85883
87.85   12.28559
88.20   11.41729
88.55   11.72843
88.90   11.41424
89.25   11.65689
89.60   11.00815
89.95   10.30003
90.30   11.81126
90.65   10.40869
91.00   10.83441
91.35   11.74919
91.70   11.28628
92.05   11.01992
92.40   11.52649
92.75   11.77832
93.10   10.58559
93.45   11.79470
93.80   10.81723
94.15   10.76120
94.50   10.87020
94.85   11.71755
95.20   11.82222
95.55   11.61680
95.90   11.63915
96.25   11.32602
96.60   11.73153
96.95   11.84287
97.30   11.02030
97.65   11.69934
98.00   11.53448
98.35   11.62751
98.70   11.73938
99.05   11.36371
99.40   11.01353
99.75   11.80225
100.10   10.21265
100.45   11.15944
100.80   11.28062
101.15   11.13427
101.50   11.32142
101.85   11.60704
102.20   12.11150
102.55   12.23373
102.90   11.32619
103.25   11.99104
103.60   11.14245
103.95   11.52644
104.30   11.44124
104.65   11.91544
105.00   11.01046
105.35   11.21879
105.70   10.84725
106.05   11.06289
106.40   11.72972
106.75   12.08082
107.10   11.95729
107.45   11.86754
107.80   11.15048
108.15   11.41229
108.50   11.12115
108.85   11.44414
109.20   10.56813
109.55   11.48269
109.90   11.56791
110.25   11.38563
110.60   11.42079
110.95   10.76622
111.30   10.76741
111.65   10.40062
112.00   10.12497
112.35   10.13630
112.70   11.11347
113.05   10.09451
113.40   11.67984
113.75   10.78302
114.10   10.29585
114.45   10.61728
114.80   10.51578
115.15   10.94543
115.50   10.18822
115.85    9.92544
116.20   10.74774
116.55   10.53963
116.90   10.73314
117.25    9.96019
117.60   11.43249
117.95   10.82326
118.30   10.58616
118.65   10.32002
119.00   10.31800
119.35    9.52503
119.70   11.12293
120.05   10.58110
120.40   10.76959
120.75   10.43117
121.10   11.76724
121.45   11.19237
121.80   11.92940
122.15   12.21748
122.50   11.13777
122.85   11.38691
123.20   11.47152
123.55   10.57549
123.90   10.92439
124.25   11.67034
124.60   11.53350
124.95   10.51267
125.30   10.94367
125.65   11.37282
126.00   11.12187
126.35   10.84557
126.70   11.49537
127.05   11.01866
127.40   11.37556
127.75   10.63319
128.10   10.87367
128.45   10.98482
128.80   11.46937
129.15   11.44571
129.50   11.24467
129.85   11.32008
130.20   11.27525
130.55   11.68259
130.90   10.96821
131.25   11.08838
131.60   11.09466
131.95   11.28323
132.30   11.63305
132.65   10.62059
133.00   11.32363
133.35   11.73828
133.70   11.20200
134.05   11.52491
134.40   11.19635
134.75   11.20892
135.10   11.95038
135.45   11.41451
135.80   11.66397
136.15   11.20847
136.50   10.87057
136.85   11.51805
137.20   11.05063
137.55   11.51659
137.90   11.43668
138.25   11.70108
138.60   10.66557
138.95   10.13742
139.30   11.53237
139.65   11.45950
140.00   10.60296
140.35   11.32476
140.70   11.01884
141.05   10.55087
141.40   11.80153
141.75   12.19359
142.10   11.67224
142.45   12.02002
142.80   11.70484
143.15   11.61854
143.50   11.55490
143.85   11.33543
144.20   11.37583
144.55   12.44865
144.90   11.86052
145.25   11.48872
145.60   11.21791
145.95   11.42247
146.30   12.01108
146.65   11.68256
147.00   12.27597
147.35   11.80790
147.70   12.43324
148.05   12.03969
148.40   11.64528
148.75   12.06684
149.10   11.46111
149.45   12.04914
149.80   12.20060
150.15   12.56697
150.50   12.01489
150.85   11.72369
151.20   11.72243
151.55   11.99872
151.90   12.40831
152.25   12.14646
152.60   11.16378
152.95   11.22435
153.30   11.01366
153.65   11.46847
154.00   11.52043
154.35   11.37270
154.70   12.08915
155.05   11.55558
155.40   11.91542
155.75   12.06110
156.10   12.25659
156.45   11.42897
156.80   11.80228
157.15   11.81011
157.50   11.51679
157.85   11.76209
158.20   12.46963
158.55   12.02906
158.90   12.05950
159.25   11.83585
159.60   11.92465
159.95   12.35982
160.30   11.41222
160.65   11.79405
161.00   11.84121
161.35   11.66358
161.70   11.26854
162.05   11.34563
162.40   12.34507
162.75   11.48165
163.10   12.63259
163.45   12.24288
163.80   11.52453
164.15   11.21420
164.50   12.40072
164.85   11.68813
165.20   11.53185
165.55   11.86584
165.90   11.40634
166.25   11.84342
166.60   11.67966
166.95   11.38698
167.30   11.92086
167.65   12.13721
168.00   11.72181
168.35   11.58589
168.70   12.56060
169.05   12.08028
169.40   12.04187
169.75   12.30929
170.10   11.35999
170.45   11.76614
170.80   10.83590
171.15   11.20926
171.50   11.42714
171.85   11.76626
172.20   11.01851
172.55   11.76593
172.90   11.87008
173.25   10.95463
173.60   12.03851
173.95   11.74963
174.30   10.58147
174.65   10.99819
175.00   11.67143
175.35   11.47236
175.70   11.47383
176.05    8.75191
176.40    9.70495
176.75   10.91455
177.10   11.79620
177.45   10.80914
177.80   11.50329
178.15   11.69137
178.50   11.36599
178.85   11.76732
179.20   12.31685
179.55   11.80503
179.90   10.67750
180.25   10.46476
180.60   10.78362
180.95   11.82154
181.30   11.42728
181.65   10.30328
182.00   10.39166
182.35   10.07687
182.70    9.77632
183.05   10.72627
183.40   11.66898
183.75   11.30611
184.10   10.39252
184.45   10.44113
184.80   10.46076
185.15    9.99462
185.50   10.99858
185.85   10.50671
186.20   10.18432
186.55   10.60720
186.90   10.32797
187.25   10.21548
187.60   10.59288
187.95   11.78063
188.30   12.09595
188.65   10.84237
189.00   11.02085
189.35   10.38010
189.70   11.74581
190.05   11.77415
190.40   11.92887
190.75   12.14840
191.10   11.79963
191.45   11.34666
191.80   12.14437
192.15   11.97999
192.50   11.48991
192.85   11.73597
193.20   11.92636
193.55   11.91223
193.90   12.17190
194.25   11.00711
194.60   12.38468
194.95   11.75724
195.30   12.98783
195.65   12.37328
196.00   11.74997
196.35   11.97726
196.70   12.04054
197.05   12.37412
197.40   11.70746
197.75   10.64431
198.10   11.98437
198.45   12.43832
198.80   11.75699
199.15   12.13281
199.50   12.07597
199.85   12.20697
200.20   11.75476
200.55   12.11756
200.90   11.14487
201.25   10.97190
201.60   12.22033
201.95   11.34879
202.30   11.51032
202.65   11.44261
203.00   11.13015
203.35   11.82319
203.70   12.07656
204.05   12.36658
204.40   11.47912
204.75   11.75315
205.10   12.34572
205.45   11.90682
205.80   12.30764
206.15   12.51509
206.50   12.64617
206.85   11.64689
207.20   12.81391
207.55   12.10347
207.90   11.38223
208.25   10.89633
208.60   12.13347
208.95   12.03837
209.30   12.70590
209.65   12.48396
210.00   12.59084
210.35   12.59161
210.70   12.16260
211.05   12.21515
211.40   11.57763
211.75   11.06087
212.10   12.39353
212.45   12.18587
212.80   11.35439
213.15   11.45913
213.50   10.40355
213.85   11.85352
214.20   11.84126
214.55   12.39518
214.90   11.75821
215.25   12.31595
215.60   11.50538
215.95   12.01262
216.30   11.99681
216.65   12.37112
217.00   12.19356
217.35   11.79388
217.70   11.44169
218.05   10.63480
218.40   12.26424
218.75   11.41734
219.10   11.52249
219.45   10.98950
219.80   11.61856
220.15   12.17421
220.50   11.40695
220.85   11.71346
221.20   12.08487
221.55   11.84466
221.90   12.08124
222.25   12.27683
222.60   12.23930
222.95   12.38951
223.30   11.78131
223.65   12.25190
224.00   11.88014
224.35   10.44732
224.70   10.90604
225.05   11.27964
225.40   11.14737
225.75   11.03659
226.10   11.57827
226.45   10.72787
226.80   10.51537
227.15   12.24352
227.50   11.13046
227.85   11.41457
228.20   11.68791
228.55   11.21599
228.90   11.27884
229.25   11.21707
229.60    9.44057
229.95   11.18258
230.30    9.44910
230.65   11.38431
231.00   11.95673
231.35   10.37499
231.70   11.75327
232.05   12.10774
232.40   11.50043
232.75   11.89646
233.10   11.27107
233.45   11.35154
233.80   11.00707
234.15   11.73675
234.50   11.29432
234.85   11.96284
235.20   11.87530
235.55   12.02234
235.90   11.34966
236.25   11.08987
236.60   10.51986
236.95   10.08448
237.30   10.05612
237.65   12.32640
238.00   11.39858
238.35   11.79205
238.70   11.89202
239.05   11.39694
239.40   11.35333
239.75   10.23520
240.10   11.70531
240.45   10.71153
240.80   11.36432
241.15   10.91672
241.50   10.93204
241.85   11.14837
242.20   10.87274
242.55   11.39505
242.90   11.51897
243.25   11.15565
243.60   11.35372
243.95   10.97032
244.30   11.74890
244.65   11.44495
245.00   10.87689
245.35    9.47422
245.70   11.58812
246.05   12.23278
246.40   11.42333
246.75   10.76252
247.10   11.57326
247.45   12.04317
247.80   11.61115
248.15   11.69727
248.50   11.73552
248.85   11.53364
249.20   11.94632
249.55   11.12025
249.90   11.65223
