# constriction site width [nm] vs time [ns]
 0.00    8.81179
 0.35    9.05693
 0.70    9.54845
 1.05   10.43916
 1.40    8.58601
 1.75    8.63245
 2.10    9.51968
 2.45    9.89943
 2.80   10.34389
 3.15   10.25231
 3.50   10.06032
 3.85    9.65186
 4.20    9.03840
 4.55    9.04670
 4.90    9.16096
 5.25   10.11175
 5.60    9.45360
 5.95   11.09679
 6.30   10.53024
 6.65   10.30793
 7.00    9.07730
 7.35    8.86732
 7.70    8.23178
 8.05    8.75729
 8.40    9.76846
 8.75    9.10355
 9.10    7.77998
 9.45    7.18005
 9.80    9.57878
10.15   10.04551
10.50   10.75296
10.85    9.42900
11.20    9.66885
11.55    9.92308
11.90    8.35899
12.25    9.24998
12.60    9.05949
12.95    9.49159
13.30   10.60850
13.65   10.24557
14.00    8.93807
14.35    7.93363
14.70    9.63795
15.05    9.54508
15.40    8.89978
15.75    9.45519
16.10    9.44775
16.45    9.42686
16.80   10.60956
17.15   10.08451
17.50    9.68402
17.85   10.45560
18.20    9.67844
18.55    8.10212
18.90    9.43411
19.25    8.60591
19.60    9.01600
19.95   10.48982
20.30    8.54721
20.65    9.22417
21.00   10.19275
21.35   10.19758
21.70    9.81408
22.05    9.86005
22.40   10.46030
22.75    9.52356
23.10    9.54401
23.45    9.25545
23.80   10.20886
24.15   10.03808
24.50   10.19432
24.85    8.73155
25.20    9.46064
25.55    9.15848
25.90    8.09661
26.25    7.16580
26.60    8.77390
26.95    7.68607
27.30    8.15662
27.65    9.12812
28.00    7.27933
28.35    7.70883
28.70    9.04904
29.05    8.89640
29.40    8.61678
29.75    8.71437
30.10    9.36996
30.45    8.22246
30.80    8.88779
31.15    8.73486
31.50    8.92756
31.85   10.04751
32.20    9.00246
32.55    9.30951
32.90    8.74559
33.25   10.26979
33.60    8.55787
33.95    8.61109
34.30    7.82380
34.65    8.41827
35.00    7.68992
35.35    9.85683
35.70   10.13103
36.05   10.22478
36.40    9.57861
36.75   10.03408
37.10    9.99691
37.45    9.02057
37.80    9.28591
38.15    8.16610
38.50    6.89720
38.85    6.17993
39.20    8.56848
39.55    7.45260
39.90    8.24148
40.25    9.20949
40.60    9.27002
40.95    9.11017
41.30    7.88390
41.65    6.09028
42.00    7.13043
42.35    6.48229
42.70    9.61607
43.05    8.41770
43.40    6.24731
43.75    6.65515
44.10    9.38803
44.45    8.60640
44.80    8.22853
45.15    7.34403
45.50    7.92175
45.85    8.14492
46.20    8.37573
46.55    7.49285
46.90    7.59254
47.25    6.16988
47.60    9.04935
47.95   10.53185
48.30   10.21606
48.65   11.07536
49.00   10.09396
49.35   10.90161
49.70   10.35788
50.05    9.93926
50.40    9.67878
50.75    9.84126
51.10   10.80065
51.45   10.07193
51.80   10.63722
52.15   10.15898
52.50    8.93570
52.85    9.99137
53.20   10.62272
53.55   10.06684
53.90   10.17993
54.25    9.66363
54.60    9.75329
54.95    9.70609
55.30    9.79286
55.65    9.33634
56.00    8.25464
56.35    9.07475
56.70    8.33226
57.05    6.84774
57.40    7.12152
57.75   10.66657
58.10   10.12788
58.45    9.15633
58.80    9.48107
59.15    9.33952
59.50   10.68280
59.85    9.95339
60.20    9.97750
60.55    9.95954
60.90   10.02857
61.25    9.65700
61.60   10.09905
61.95    9.81246
62.30   10.70217
62.65    9.78885
63.00    9.91608
63.35   10.36156
63.70    8.28525
64.05    7.40702
64.40    8.95057
64.75    8.89302
65.10    7.77890
65.45    8.30833
65.80    8.84124
66.15    8.74866
66.50    9.39623
66.85    7.65478
67.20    7.54374
67.55    8.29165
67.90    8.18923
68.25   10.46437
68.60    9.77738
68.95    8.87558
69.30    8.81901
69.65    8.54610
70.00    8.12244
70.35    9.06403
70.70    8.73643
71.05    9.68589
71.40   10.25515
71.75   10.28556
72.10    9.94258
72.45   10.61602
72.80    9.88195
73.15    8.09558
73.50    8.87998
73.85   10.47739
74.20    8.04889
74.55    7.47097
74.90    8.13822
75.25    8.24702
75.60    7.93864
75.95    8.50577
76.30    9.09987
76.65    7.64378
77.00    8.08549
77.35    6.74671
77.70    8.79288
78.05    9.42876
78.40    8.26363
78.75    7.79388
79.10    9.33177
79.45    8.73975
79.80    9.89768
80.15    9.90261
80.50    9.06931
80.85    7.31325
81.20    7.49184
81.55    9.43677
81.90    8.46625
82.25    8.22421
82.60    6.61129
82.95    5.98998
83.30    7.23784
83.65    8.14864
84.00    8.31024
84.35    8.99987
84.70    9.11298
85.05    9.05495
85.40    8.94366
85.75    7.97820
86.10    8.76961
86.45    8.00508
86.80    6.82865
87.15    8.41210
87.50    7.35832
87.85    7.95149
88.20    7.35708
88.55    7.36569
88.90    7.14439
89.25    8.61669
89.60    9.08680
89.95    8.66230
90.30    8.76636
90.65    8.46348
91.00    8.10654
91.35    8.67670
91.70    8.25751
92.05    9.06963
92.40    9.93307
92.75    9.02582
93.10    8.35884
93.45   10.45506
93.80   11.25917
94.15    9.96804
94.50    9.99383
94.85   10.57206
95.20   10.73065
95.55   10.19226
95.90    9.98477
96.25   10.19308
96.60   10.16324
96.95    9.56741
97.30   10.34734
97.65   10.72286
98.00    8.70512
98.35    8.37692
98.70    8.20665
99.05    8.53958
99.40    8.73559
99.75   10.03691
100.10    6.89318
100.45    6.97889
100.80    8.70879
101.15    8.85511
101.50    7.00396
101.85    6.89732
102.20    8.42686
102.55    7.64346
102.90    8.63787
103.25    9.79934
103.60    9.99158
103.95    9.80097
104.30   10.69200
104.65    9.83213
105.00    9.68632
105.35   10.11947
105.70    8.66764
106.05    8.95666
106.40   10.15476
106.75    9.61287
107.10    9.79607
107.45    9.54760
107.80    9.15818
108.15    9.92617
108.50    9.61287
108.85    9.75443
109.20   11.05306
109.55    7.99705
109.90   10.24517
110.25    9.50396
110.60   10.25926
110.95    9.56816
111.30   11.05749
111.65   10.64624
112.00   10.16197
112.35    9.31385
112.70   10.59129
113.05    8.50444
113.40    8.68909
113.75    8.22806
114.10    8.46488
114.45    7.80108
114.80    7.68626
115.15    8.33259
115.50    7.36171
115.85    8.42799
116.20    9.64008
116.55    9.04426
116.90    9.62304
117.25    8.93453
117.60    8.71659
117.95    9.28802
118.30    8.17546
118.65    8.63503
119.00    8.52587
119.35   10.19973
119.70    8.17677
120.05    9.02058
120.40    8.46561
120.75    7.27350
121.10    7.96295
121.45    9.81465
121.80    9.19869
122.15    9.46065
122.50    9.40628
122.85    9.90346
123.20    9.60936
123.55   10.06871
123.90    9.14031
124.25    8.93390
124.60    9.29672
124.95    9.34760
125.30    9.43198
125.65    9.56704
126.00    9.50090
126.35    9.67140
126.70    9.77283
127.05    9.98895
127.40    9.41328
127.75    9.13089
128.10    8.85705
128.45    9.78473
128.80    9.09540
129.15    9.56172
129.50    9.43953
129.85   10.56258
130.20    9.78680
130.55    9.19417
130.90    8.34359
131.25    9.08374
131.60    9.28204
131.95    9.72595
132.30    9.34522
132.65   10.16341
133.00    9.86798
133.35    8.62538
133.70    9.91837
134.05   10.43781
134.40    8.79267
134.75    7.97322
135.10    9.62648
135.45    9.44239
135.80    9.89506
136.15   10.18760
136.50    8.71479
136.85   10.18473
137.20    9.77259
137.55   10.17946
137.90   11.26830
138.25   10.15014
138.60   10.90078
138.95   10.31410
139.30   10.30455
139.65   10.89666
140.00   10.94645
140.35   10.81522
140.70   10.80557
141.05   10.36557
141.40   10.92069
141.75   11.78258
142.10   10.18006
142.45   11.15317
142.80   11.49905
143.15   11.75721
143.50   11.18969
143.85   12.11134
144.20   10.85034
144.55   11.19188
144.90   11.51198
145.25   10.91597
145.60   10.40110
145.95   11.28871
146.30   11.03275
146.65   10.98063
147.00   11.20402
147.35   10.46123
147.70    9.55538
148.05    9.99647
148.40   10.82230
148.75   10.78306
149.10   11.39702
149.45    7.61484
149.80    8.24395
150.15    7.54328
150.50    6.80820
150.85    9.65189
151.20    9.47149
151.55    8.44970
151.90    8.55122
152.25    8.20416
152.60    7.09957
152.95    9.40588
153.30    8.32732
153.65    7.15859
154.00    9.54707
154.35    9.33366
154.70   10.84536
155.05    9.20663
155.40    8.19751
155.75    6.85792
156.10    9.24833
156.45    8.40851
156.80   10.10371
157.15    8.06022
157.50    7.38177
157.85    8.47600
158.20    8.99288
158.55    8.80460
158.90    9.09062
159.25    8.79087
159.60    9.88647
159.95   11.61835
160.30   10.79971
160.65   11.18220
161.00   11.54811
161.35    9.99956
161.70   11.18979
162.05   10.30889
162.40   11.30122
162.75   10.80588
163.10   10.55371
163.45   10.52358
163.80   10.64551
164.15   10.45001
164.50   10.43432
164.85   10.14406
165.20   10.91277
165.55   10.79291
165.90   11.29302
166.25   11.03034
166.60   10.83937
166.95   11.41115
167.30   10.86322
167.65   11.26057
168.00   10.88206
168.35   10.60090
168.70   10.88314
169.05    9.90318
169.40    9.88150
169.75   10.77754
170.10    8.44566
170.45    9.16655
170.80    8.38325
171.15   10.55092
171.50   10.77599
171.85   10.11573
172.20   11.00710
172.55   11.75593
172.90   11.88404
173.25   11.72496
173.60   10.89789
173.95   11.22083
174.30   11.54000
174.65   10.83887
175.00   10.32556
175.35   10.15320
175.70   12.16445
176.05   11.27887
176.40   11.13299
176.75   10.75293
177.10   11.06006
177.45   10.68114
177.80   10.34956
178.15   10.67565
178.50   10.68304
178.85   10.27933
179.20   11.41852
179.55   10.73311
179.90   10.95093
180.25   10.67368
180.60   10.38599
180.95   11.55449
181.30   10.79313
181.65   12.18424
182.00   10.98285
182.35    9.89638
182.70   10.43224
183.05   11.73113
183.40   10.69726
183.75   10.23030
184.10   10.23443
184.45    9.06781
184.80    9.73259
185.15    9.53011
185.50   10.06238
185.85    9.95500
186.20    9.12045
186.55    9.92405
186.90   10.63847
187.25   10.40858
187.60    9.10150
187.95   10.02202
188.30    9.40640
188.65    9.26518
189.00    9.80586
189.35   10.32717
189.70   10.41819
190.05    9.65631
190.40   10.24041
190.75    9.50075
191.10    9.63439
191.45   10.37116
191.80    9.64910
192.15    8.80554
192.50    9.32400
192.85    9.56478
193.20    9.61474
193.55    9.68740
193.90   10.08788
194.25   10.08222
194.60    9.71393
194.95    9.77433
195.30    9.63914
195.65    9.45016
196.00    9.66563
196.35    9.86477
196.70    9.91071
197.05    9.66577
197.40    9.87555
197.75    9.39304
198.10    9.26442
198.45   10.19996
198.80    9.70863
199.15    9.84607
199.50    9.38889
199.85   10.19376
200.20    9.81514
200.55    9.55002
200.90    9.56745
201.25    9.56970
201.60   10.61272
201.95    9.18051
202.30    9.94438
202.65    9.96774
203.00    9.83995
203.35    9.42092
203.70   10.32716
204.05   10.81818
204.40    9.50340
204.75    9.86351
205.10    9.79459
205.45    9.89138
205.80    9.97460
206.15    9.87254
206.50   10.22846
206.85    9.64367
207.20    9.46534
207.55   10.29790
207.90    9.74278
208.25   10.49364
208.60   11.07061
208.95    9.57327
209.30   11.43981
209.65   10.46407
210.00   10.80463
210.35   11.95819
210.70   11.43842
211.05   11.34487
211.40   10.67076
211.75   11.14484
212.10   11.01397
212.45   10.85315
212.80   10.42012
213.15   10.53702
213.50   10.89631
213.85   10.44270
214.20   11.73024
214.55   10.74766
214.90   10.44323
215.25   10.28385
215.60   11.07597
215.95   10.65891
216.30   11.35722
216.65   11.90312
217.00   10.88067
217.35   10.91396
217.70   10.52212
218.05   10.83312
218.40   11.44943
218.75   11.21561
219.10   10.67594
219.45   11.27515
219.80   11.02973
220.15   10.82789
220.50   10.62618
220.85   11.47863
221.20   11.26440
221.55   11.23476
221.90   10.14041
222.25   10.78609
222.60   10.82390
222.95   10.57339
223.30   10.49608
223.65   10.96417
224.00   10.24716
224.35   11.25531
224.70   11.51326
225.05   11.21662
225.40   11.33390
225.75   10.87697
226.10   10.13728
226.45   11.62169
226.80   11.07248
227.15   11.20847
227.50   10.66211
227.85   11.06079
228.20   10.88200
228.55   11.03350
228.90   11.38849
229.25   10.77211
229.60   11.02643
229.95   10.65073
230.30   10.87475
230.65   10.67033
231.00   10.63062
231.35   10.69191
231.70   11.11544
232.05   11.16004
232.40   10.49552
232.75   10.85708
233.10   10.75859
233.45   11.13199
233.80   11.62728
234.15   11.15428
234.50   11.32199
234.85   11.54609
235.20   11.00386
235.55   10.94616
235.90   11.15082
236.25   11.41391
236.60   10.65542
236.95   11.17681
237.30   11.69274
237.65   11.00418
238.00   11.32132
238.35   11.27546
238.70   11.55997
239.05   11.34952
239.40   11.47787
239.75   11.34800
240.10   11.80634
240.45   11.69399
240.80   11.67983
241.15   12.27127
241.50   10.48971
241.85   11.84245
242.20   11.90532
242.55   12.04265
242.90   11.48217
243.25   11.43957
243.60   11.20293
243.95   11.72185
244.30   12.20241
244.65   11.30443
245.00   11.91103
245.35   11.53141
245.70   11.68470
246.05   11.13878
246.40   11.29352
246.75   10.94127
247.10   11.30858
247.45   11.20194
247.80   11.29797
248.15   11.39409
248.50   11.22597
248.85   10.88451
249.20   10.88893
249.55   11.14601
249.90   11.22093
