# center-of-geometry distance [nm] vs time [ns]
 0.00   16.51919
 0.35   16.53866
 0.70   16.26372
 1.05   16.99086
 1.40   16.51718
 1.75   16.61110
 2.10   16.61987
 2.45   16.50882
 2.80   16.76230
 3.15   16.52511
 3.50   16.70724
 3.85   16.53472
 4.20   16.73071
 4.55   16.03801
 4.90   16.50449
 5.25   16.36935
 5.60   16.49890
 5.95   16.38042
 6.30   16.52756
 6.65   16.26324
 7.00   16.23671
 7.35   16.66388
 7.70   16.72852
 8.05   16.30923
 8.40   16.42525
 8.75   16.70749
 9.10   17.08640
 9.45   17.17128
 9.80   17.31196
10.15   17.40561
10.50   17.20851
10.85   17.13693
11.20   17.45675
11.55   17.01127
11.90   16.54454
12.25   16.90401
12.60   16.60452
12.95   16.63639
13.30   16.82644
13.65   16.53922
14.00   16.40122
14.35   16.91670
14.70   17.01735
15.05   17.27710
15.40   17.33302
15.75   16.92759
16.10   17.05299
16.45   16.51666
16.80   16.80357
17.15   16.73924
17.50   17.03587
17.85   16.71672
18.20   17.07685
18.55   17.03484
18.90   17.28454
19.25   17.04573
19.60   16.80179
19.95   16.91479
20.30   17.09383
20.65   16.92010
21.00   16.87402
21.35   17.10466
21.70   16.71646
22.05   16.74117
22.40   16.03627
22.75   16.15193
23.10   16.27350
23.45   16.43019
23.80   16.75714
24.15   16.99325
24.50   17.02361
24.85   17.12339
25.20   16.41720
25.55   17.33039
25.90   16.82464
26.25   16.70708
26.60   16.86188
26.95   16.35407
27.30   16.55760
27.65   16.63984
28.00   15.94297
28.35   16.56871
28.70   16.60486
29.05   16.26404
29.40   16.96270
29.75   16.62265
30.10   17.13023
30.45   16.91938
30.80   16.79007
31.15   16.93348
31.50   16.95450
31.85   16.82202
32.20   16.72650
32.55   16.96163
32.90   17.58896
33.25   17.16051
33.60   16.92564
33.95   17.23949
34.30   17.25034
34.65   17.18484
35.00   16.37952
35.35   16.39038
35.70   16.58182
36.05   16.56402
36.40   16.55150
36.75   16.72800
37.10   16.76966
37.45   17.03310
37.80   17.06642
38.15   17.67453
38.50   17.15796
38.85   17.14430
39.20   16.87488
39.55   17.06994
39.90   16.37808
40.25   16.53241
40.60   16.65310
40.95   16.68075
41.30   16.49332
41.65   17.12928
42.00   16.15138
42.35   16.71798
42.70   16.62490
43.05   17.25838
43.40   16.35445
43.75   16.82929
44.10   16.85678
44.45   17.17668
44.80   16.46536
45.15   16.23441
45.50   16.95277
45.85   16.85641
46.20   16.62521
46.55   16.21188
46.90   16.79457
47.25   16.28265
47.60   16.33778
47.95   16.62672
48.30   16.68863
48.65   16.76051
49.00   16.45075
49.35   17.22160
49.70   17.04920
50.05   16.90645
50.40   17.04671
50.75   17.36340
51.10   17.04755
51.45   17.14586
51.80   17.30335
52.15   16.92897
52.50   16.75083
52.85   16.78144
53.20   17.77359
53.55   16.89010
53.90   17.24106
54.25   17.30744
54.60   17.06955
54.95   16.71636
55.30   17.04785
55.65   17.10064
56.00   17.66293
56.35   17.58359
56.70   17.56639
57.05   17.90569
57.40   17.07806
57.75   17.00499
58.10   17.27661
58.45   17.09966
58.80   17.47056
59.15   17.34068
59.50   17.65687
59.85   17.71182
60.20   17.45765
60.55   17.79118
60.90   17.62045
61.25   17.26691
61.60   16.91120
61.95   17.36458
62.30   17.73570
62.65   17.37033
63.00   17.62154
63.35   17.29043
63.70   17.27965
64.05   17.19386
64.40   17.10400
64.75   17.04802
65.10   16.75637
65.45   17.12088
65.80   17.17577
66.15   17.39357
66.50   17.73951
66.85   17.40695
67.20   17.44141
67.55   17.21884
67.90   17.42253
68.25   17.23722
68.60   17.36155
68.95   17.27368
69.30   17.62402
69.65   17.46963
70.00   17.99724
70.35   17.07599
70.70   17.39569
71.05   17.25270
71.40   17.71124
71.75   17.44779
72.10   17.99153
72.45   17.42310
72.80   17.12979
73.15   17.73600
73.50   17.29357
73.85   17.51214
74.20   17.31054
74.55   17.46195
74.90   17.85741
75.25   17.22162
75.60   17.74109
75.95   17.73334
76.30   17.58685
76.65   17.66861
77.00   17.90486
77.35   17.50969
77.70   17.13962
78.05   17.66062
78.40   17.51617
78.75   17.69941
79.10   17.35577
79.45   17.55266
79.80   18.32328
80.15   17.69036
80.50   16.97465
80.85   17.15470
81.20   16.97413
81.55   17.31910
81.90   16.82821
82.25   17.25713
82.60   17.40874
82.95   17.38296
83.30   17.48835
83.65   17.49547
84.00   17.37721
84.35   17.05316
84.70   17.32910
85.05   17.41721
85.40   17.37168
85.75   17.61330
86.10   17.78915
86.45   17.38453
86.80   17.44632
87.15   17.73641
87.50   17.89998
87.85   17.76826
88.20   17.76402
88.55   17.39466
88.90   17.48625
89.25   17.54938
89.60   17.82675
89.95   17.63476
90.30   17.43032
90.65   17.37713
91.00   17.61585
91.35   17.63974
91.70   17.31222
92.05   17.55896
92.40   17.90972
92.75   17.78008
93.10   17.35760
93.45   17.64516
93.80   17.69639
94.15   17.42840
94.50   17.21790
94.85   17.71536
95.20   17.79327
95.55   17.69010
95.90   17.84120
96.25   17.39773
96.60   18.05409
96.95   17.95458
97.30   17.40356
97.65   17.73409
98.00   17.64549
98.35   17.51678
98.70   17.31346
99.05   17.62819
99.40   17.12568
99.75   17.39078
100.10   17.63661
100.45   17.22254
100.80   17.51825
101.15   17.13108
101.50   17.10681
101.85   17.50517
102.20   16.82021
102.55   17.12249
102.90   17.35365
103.25   16.99352
103.60   16.77307
103.95   16.70622
104.30   16.35658
104.65   16.91772
105.00   16.91323
105.35   16.62231
105.70   17.07345
106.05   17.21227
106.40   17.51388
106.75   17.40819
107.10   16.97311
107.45   17.17033
107.80   17.04082
108.15   17.39542
108.50   17.04432
108.85   17.32481
109.20   17.45237
109.55   17.41212
109.90   17.64983
110.25   17.05622
110.60   17.45707
110.95   17.38588
111.30   16.84917
111.65   17.16172
112.00   16.76735
112.35   16.58728
112.70   17.73732
113.05   17.14808
113.40   16.95694
113.75   17.49018
114.10   16.80692
114.45   16.04415
114.80   16.59504
115.15   16.51058
115.50   17.13424
115.85   16.69446
116.20   16.43311
116.55   17.14274
116.90   16.75127
117.25   16.65603
117.60   16.81494
117.95   17.16297
118.30   17.46405
118.65   17.22427
119.00   16.96518
119.35   16.96184
119.70   16.85813
120.05   17.37354
120.40   17.29201
120.75   17.27001
121.10   17.28093
121.45   17.47823
121.80   17.38129
122.15   17.57232
122.50   17.65039
122.85   17.40006
123.20   16.96551
123.55   17.00656
123.90   17.12986
124.25   16.94817
124.60   17.41126
124.95   16.69239
125.30   16.82487
125.65   16.58446
126.00   16.88200
126.35   16.78395
126.70   16.77925
127.05   16.73166
127.40   16.56339
127.75   16.66801
128.10   17.36306
128.45   16.93689
128.80   17.01631
129.15   17.20112
129.50   17.70767
129.85   17.47409
130.20   17.26876
130.55   17.25375
130.90   17.23805
131.25   17.29352
131.60   17.22972
131.95   17.36283
132.30   16.84147
132.65   17.38655
133.00   17.22456
133.35   16.85516
133.70   17.04720
134.05   16.82648
134.40   16.87379
134.75   16.39346
135.10   16.83112
135.45   16.56077
135.80   16.51474
136.15   16.79095
136.50   17.36958
136.85   17.15574
137.20   17.10021
137.55   17.09845
137.90   16.53817
138.25   17.10648
138.60   16.49350
138.95   17.44549
139.30   16.71892
139.65   16.99776
140.00   16.87966
140.35   16.98797
140.70   17.21692
141.05   17.10208
141.40   17.19971
141.75   17.28065
142.10   17.14388
142.45   17.12349
142.80   17.67328
143.15   17.55753
143.50   17.92039
143.85   17.94221
144.20   17.12067
144.55   17.76779
144.90   17.38398
145.25   17.12950
145.60   17.28436
145.95   16.38549
146.30   17.62569
146.65   17.82734
147.00   17.34964
147.35   17.12920
147.70   17.40626
148.05   17.97505
148.40   17.88883
148.75   17.23464
149.10   17.49321
149.45   17.09816
149.80   17.11934
150.15   17.05144
150.50   17.03186
150.85   17.08227
151.20   16.77815
151.55   17.33425
151.90   17.09058
152.25   17.02429
152.60   17.71083
152.95   17.15837
153.30   17.41089
153.65   16.95968
154.00   17.33993
154.35   16.84040
154.70   16.71980
155.05   17.70164
155.40   16.89796
155.75   17.21682
156.10   17.13338
156.45   17.12072
156.80   17.02062
157.15   16.77037
157.50   17.33891
157.85   17.60525
158.20   17.23683
158.55   16.95302
158.90   17.26626
159.25   16.91931
159.60   17.49281
159.95   17.32477
160.30   17.36239
160.65   17.17151
161.00   17.25683
161.35   17.06448
161.70   17.45878
162.05   16.81054
162.40   17.39747
162.75   17.17657
163.10   17.02762
163.45   16.46319
163.80   16.41581
164.15   16.59877
164.50   17.67636
164.85   16.99546
165.20   16.91339
165.55   17.05381
165.90   17.03512
166.25   16.45751
166.60   17.05695
166.95   16.65007
167.30   17.24308
167.65   17.06777
168.00   16.87858
168.35   17.20067
168.70   16.11899
169.05   16.39327
169.40   17.04991
169.75   17.02940
170.10   16.95560
170.45   17.27368
170.80   17.08339
171.15   17.50114
171.50   16.97517
171.85   16.92022
172.20   17.05866
172.55   16.49356
172.90   16.70165
173.25   17.20577
173.60   16.75594
173.95   16.26853
174.30   16.77429
174.65   16.91414
175.00   16.64314
175.35   16.64888
175.70   17.09023
176.05   16.73921
176.40   17.46616
176.75   17.58881
177.10   17.25264
177.45   17.40765
177.80   17.32118
178.15   17.67165
178.50   18.08102
178.85   17.50588
179.20   17.15488
179.55   17.78121
179.90   17.65021
180.25   17.38551
180.60   17.05475
180.95   17.48376
181.30   17.41327
181.65   16.97335
182.00   17.14496
182.35   16.96501
182.70   17.00702
183.05   17.33439
183.40   17.24371
183.75   17.37802
184.10   17.43972
184.45   17.37096
184.80   17.90395
185.15   17.22167
185.50   17.09923
185.85   17.26936
186.20   17.29071
186.55   16.47993
186.90   17.17669
187.25   17.05173
187.60   16.76109
187.95   16.70617
188.30   17.53851
188.65   16.82985
189.00   16.92463
189.35   16.97454
189.70   17.35041
190.05   16.93463
190.40   17.47285
190.75   17.59910
191.10   17.47758
191.45   17.15531
191.80   17.48457
192.15   17.09221
192.50   17.03407
192.85   17.06916
193.20   16.86834
193.55   16.94791
193.90   16.46995
194.25   16.27038
194.60   16.25256
194.95   17.04265
195.30   17.05695
195.65   17.01125
196.00   17.27385
196.35   17.10203
196.70   16.65534
197.05   17.03305
197.40   16.99756
197.75   17.10152
198.10   16.86572
198.45   16.94292
198.80   17.03639
199.15   16.80347
199.50   17.06151
199.85   17.25109
200.20   16.72493
200.55   16.84239
200.90   16.75698
201.25   16.88703
201.60   17.26075
201.95   16.16008
202.30   16.72587
202.65   16.99080
203.00   17.08026
203.35   17.13834
203.70   16.91708
204.05   17.02422
204.40   16.80102
204.75   16.65085
205.10   16.80373
205.45   17.53965
205.80   17.17195
206.15   17.23944
206.50   16.89383
206.85   16.64611
207.20   16.99656
207.55   17.30658
207.90   16.94955
208.25   17.26427
208.60   16.85602
208.95   17.34223
209.30   17.96446
209.65   17.62241
210.00   17.06341
210.35   17.21351
210.70   17.65545
211.05   17.31439
211.40   17.25375
211.75   17.08611
212.10   17.15131
212.45   17.69383
212.80   16.75559
213.15   17.24263
213.50   17.29538
213.85   17.35467
214.20   17.40718
214.55   17.60114
214.90   16.66730
215.25   16.98041
215.60   17.42821
215.95   16.81557
216.30   17.10271
216.65   16.26851
217.00   16.79994
217.35   16.43359
217.70   16.41989
218.05   16.28570
218.40   16.00727
218.75   16.75965
219.10   17.21192
219.45   16.91642
219.80   16.87264
220.15   16.62763
220.50   16.28445
220.85   16.73308
221.20   16.35980
221.55   16.52115
221.90   17.00708
222.25   16.45798
222.60   17.27089
222.95   16.88253
223.30   17.36895
223.65   16.87023
224.00   17.11059
224.35   16.79508
224.70   17.22521
225.05   16.78859
225.40   16.53374
225.75   16.38388
226.10   16.15869
226.45   16.53143
226.80   16.70652
227.15   15.85419
227.50   16.19001
227.85   15.91130
228.20   16.45899
228.55   15.85914
228.90   16.46431
229.25   16.19252
229.60   16.40477
229.95   16.61383
230.30   17.28271
230.65   16.77893
231.00   16.78078
231.35   16.73250
231.70   16.58398
232.05   16.90058
232.40   16.81477
232.75   17.48034
233.10   17.02574
233.45   17.15812
233.80   16.27445
234.15   16.50912
234.50   15.98825
234.85   16.54309
235.20   16.62533
235.55   16.41654
235.90   16.73814
236.25   17.12442
236.60   16.89924
236.95   17.16991
237.30   16.89902
237.65   16.96229
238.00   16.89283
238.35   17.13382
238.70   16.85559
239.05   17.58104
239.40   16.24803
239.75   16.93509
240.10   16.84079
240.45   17.09494
240.80   17.13923
241.15   17.06637
241.50   16.92174
241.85   17.22027
242.20   17.45316
242.55   16.10522
242.90   17.35538
243.25   17.10007
243.60   16.91557
243.95   17.57578
244.30   17.50537
244.65   17.20577
245.00   17.50397
245.35   17.08866
245.70   17.11221
246.05   17.13735
246.40   16.53435
246.75   17.12493
247.10   16.78032
247.45   17.04113
247.80   17.07230
248.15   16.58953
248.50   17.34945
248.85   17.23734
249.20   17.52740
249.55   16.51408
249.90   16.65309
