# center-of-geometry distance [nm] vs time [ns]
 0.00   18.14606
 0.35   18.68964
 0.70   18.49013
 1.05   18.58942
 1.40   18.64185
 1.75   18.69415
 2.10   18.61493
 2.45   18.81600
 2.80   18.92315
 3.15   18.91841
 3.50   19.09329
 3.85   18.45768
 4.20   18.99155
 4.55   19.12151
 4.90   18.96175
 5.25   18.53677
 5.60   18.93764
 5.95   18.86758
 6.30   18.82211
 6.65   18.39556
 7.00   18.88305
 7.35   18.58765
 7.70   18.66704
 8.05   18.88703
 8.40   18.97742
 8.75   19.17815
 9.10   18.87518
 9.45   18.42115
 9.80   19.03760
10.15   18.55868
10.50   19.19766
10.85   19.18513
11.20   18.98937
11.55   18.78348
11.90   19.01106
12.25   19.23321
12.60   18.95560
12.95   18.65089
13.30   18.91703
13.65   18.66024
14.00   18.69177
14.35   18.81847
14.70   18.38277
15.05   19.06410
15.40   18.34196
15.75   18.60622
16.10   17.89987
16.45   18.32180
16.80   18.70218
17.15   18.42190
17.50   18.74391
17.85   18.28862
18.20   18.44064
18.55   18.82159
18.90   18.53679
19.25   18.21656
19.60   17.81958
19.95   18.49487
20.30   18.19396
20.65   18.60424
21.00   18.46191
21.35   18.65334
21.70   18.65829
22.05   18.59986
22.40   18.61797
22.75   19.01210
23.10   18.51257
23.45   18.48143
23.80   18.73718
24.15   18.29281
24.50   19.23458
24.85   19.17872
25.20   19.33165
25.55   18.88726
25.90   19.07650
26.25   19.20153
26.60   18.91331
26.95   18.95616
27.30   18.67037
27.65   19.17025
28.00   18.81414
28.35   18.77251
28.70   18.73409
29.05   18.56938
29.40   18.90472
29.75   19.24717
30.10   18.92345
30.45   18.56116
30.80   18.70866
31.15   18.67977
31.50   18.63931
31.85   18.27371
32.20   18.37113
32.55   18.55686
32.90   18.62882
33.25   18.76607
33.60   18.43608
33.95   18.79357
34.30   18.92150
34.65   18.33825
35.00   18.65726
35.35   18.54578
35.70   18.30284
36.05   18.66336
36.40   18.21700
36.75   18.19521
37.10   18.21501
37.45   18.91856
37.80   18.27545
38.15   18.71252
38.50   18.58991
38.85   18.81277
39.20   18.93249
39.55   18.56482
39.90   18.28879
40.25   18.32250
40.60   19.00441
40.95   18.29670
41.30   18.89045
41.65   18.60041
42.00   18.67221
42.35   18.82127
42.70   18.10299
43.05   19.00565
43.40   18.76727
43.75   19.19850
44.10   18.99984
44.45   19.31731
44.80   18.54669
45.15   19.00651
45.50   19.02487
45.85   18.78745
46.20   19.02443
46.55   19.12322
46.90   18.72437
47.25   19.28863
47.60   18.98320
47.95   19.10961
48.30   19.19755
48.65   19.55002
49.00   18.98513
49.35   19.70707
49.70   19.67526
50.05   19.45886
50.40   20.01059
50.75   19.40388
51.10   19.42406
51.45   19.13698
51.80   18.73496
52.15   18.80961
52.50   18.51587
52.85   19.16792
53.20   19.04838
53.55   18.93065
53.90   19.59198
54.25   19.42947
54.60   19.18119
54.95   18.89985
55.30   18.78178
55.65   18.82421
56.00   18.94675
56.35   18.55862
56.70   18.72788
57.05   19.22116
57.40   18.87219
57.75   19.28511
58.10   19.48979
58.45   19.45322
58.80   18.99182
59.15   18.96707
59.50   19.09543
59.85   18.23546
60.20   18.87428
60.55   18.82923
60.90   18.88222
61.25   18.91420
61.60   19.03916
61.95   19.17157
62.30   18.95630
62.65   18.98606
63.00   18.44403
63.35   18.97830
63.70   19.51009
64.05   19.42599
64.40   18.82658
64.75   19.00184
65.10   19.20173
65.45   18.57877
65.80   19.01081
66.15   18.92194
66.50   18.48857
66.85   18.94685
67.20   18.54864
67.55   18.25486
67.90   18.39307
68.25   19.65169
68.60   19.34495
68.95   18.95463
69.30   18.94673
69.65   18.97309
70.00   18.70936
70.35   18.73107
70.70   19.00712
71.05   19.04161
71.40   19.09289
71.75   19.10035
72.10   18.69518
72.45   19.31861
72.80   19.11031
73.15   18.85933
73.50   18.96436
73.85   19.49540
74.20   19.17626
74.55   19.21704
74.90   19.25193
75.25   18.81561
75.60   19.01496
75.95   18.83362
76.30   19.23935
76.65   18.90455
77.00   19.69038
77.35   18.87942
77.70   18.77101
78.05   18.91265
78.40   19.10272
78.75   18.89178
79.10   19.11757
79.45   18.79850
79.80   18.90275
80.15   18.77627
80.50   19.10504
80.85   18.48972
81.20   18.74353
81.55   18.34903
81.90   18.81797
82.25   18.62835
82.60   19.04282
82.95   18.72317
83.30   18.15204
83.65   18.35518
84.00   18.29190
84.35   18.20096
84.70   18.17557
85.05   18.51831
85.40   18.57230
85.75   17.75029
86.10   18.40760
86.45   18.12877
86.80   18.40018
87.15   18.50593
87.50   18.15508
87.85   17.84949
88.20   18.22517
88.55   17.77946
88.90   18.36757
89.25   18.49943
89.60   18.02351
89.95   18.12444
90.30   17.67073
90.65   18.33783
91.00   18.24652
91.35   18.65591
91.70   18.50283
92.05   18.03858
92.40   17.81246
92.75   17.67701
93.10   18.16568
93.45   18.29421
93.80   17.85036
94.15   17.87996
94.50   17.52533
94.85   18.13073
95.20   17.96814
95.55   18.88500
95.90   18.42910
96.25   18.55851
96.60   18.12302
96.95   19.15790
97.30   18.21585
97.65   18.32162
98.00   18.50650
98.35   18.60346
98.70   18.84931
99.05   18.45520
99.40   18.00227
99.75   18.35024
100.10   18.07643
100.45   18.91954
100.80   17.97089
101.15   18.46378
101.50   17.68703
101.85   18.02669
102.20   18.33232
102.55   18.11987
102.90   18.24115
103.25   18.52675
103.60   18.10757
103.95   18.11502
104.30   18.35645
104.65   18.29550
105.00   17.88543
105.35   18.42856
105.70   18.45004
106.05   18.39304
106.40   18.28294
106.75   18.13218
107.10   17.92056
107.45   18.49971
107.80   18.35676
108.15   19.04971
108.50   18.66316
108.85   18.32236
109.20   18.60024
109.55   18.32989
109.90   18.09956
110.25   18.34211
110.60   18.35050
110.95   18.53126
111.30   18.78878
111.65   18.91750
112.00   18.50528
112.35   18.45422
112.70   18.56852
113.05   18.78259
113.40   18.70331
113.75   18.72762
114.10   18.34754
114.45   17.96560
114.80   18.41182
115.15   18.17583
115.50   18.46518
115.85   18.05598
116.20   18.39685
116.55   18.38669
116.90   18.30900
117.25   18.03889
117.60   18.54247
117.95   17.78769
118.30   18.22793
118.65   17.64725
119.00   18.15663
119.35   18.61077
119.70   18.07794
120.05   17.97236
120.40   18.85032
120.75   17.89275
121.10   18.41066
121.45   18.07573
121.80   18.30677
122.15   19.14577
122.50   18.49649
122.85   18.79463
123.20   17.65801
123.55   18.24529
123.90   18.20192
124.25   18.59378
124.60   18.18333
124.95   18.48719
125.30   17.64393
125.65   18.38283
126.00   18.19240
126.35   17.89426
126.70   17.81538
127.05   17.65733
127.40   17.48982
127.75   17.81097
128.10   18.25714
128.45   17.89650
128.80   18.50715
129.15   18.43641
129.50   18.31510
129.85   18.15750
130.20   18.48013
130.55   18.82408
130.90   17.91693
131.25   18.49540
131.60   18.51817
131.95   18.32327
132.30   17.89445
132.65   17.66714
133.00   17.67423
133.35   18.64787
133.70   18.07750
134.05   17.73696
134.40   18.60294
134.75   17.89522
135.10   17.65212
135.45   17.74816
135.80   17.68115
136.15   18.14763
136.50   17.62346
136.85   18.12948
137.20   17.72922
137.55   17.29272
137.90   17.56587
138.25   17.84917
138.60   17.74442
138.95   17.41971
139.30   18.16912
139.65   18.24333
140.00   17.96428
140.35   18.09501
140.70   18.14363
141.05   17.81483
141.40   17.83867
141.75   18.75921
142.10   18.86425
142.45   18.27884
142.80   17.90605
143.15   18.13077
143.50   17.79180
143.85   18.10511
144.20   18.12638
144.55   17.78002
144.90   16.97014
145.25   17.42150
145.60   17.19571
145.95   17.88785
146.30   17.62835
146.65   17.28169
147.00   16.98851
147.35   17.92261
147.70   17.38185
148.05   17.98560
148.40   18.03248
148.75   17.29855
149.10   17.47590
149.45   17.43959
149.80   17.43681
150.15   17.75564
150.50   17.62783
150.85   17.60454
151.20   18.04011
151.55   17.27239
151.90   17.54832
152.25   17.68210
152.60   17.58676
152.95   17.32499
153.30   17.70968
153.65   17.65223
154.00   17.34451
154.35   18.00101
154.70   17.32212
155.05   17.40365
155.40   18.07374
155.75   17.07256
156.10   16.91462
156.45   17.65157
156.80   17.78313
157.15   17.19690
157.50   18.20385
157.85   17.86936
158.20   17.55641
158.55   18.17426
158.90   18.26563
159.25   17.44593
159.60   17.71698
159.95   17.69849
160.30   17.65303
160.65   17.94624
161.00   18.48406
161.35   18.45416
161.70   18.29360
162.05   18.55399
162.40   17.92744
162.75   18.20153
163.10   17.87224
163.45   18.20508
163.80   18.06126
164.15   18.69511
164.50   17.95074
164.85   17.91065
165.20   17.81439
165.55   17.49877
165.90   17.64338
166.25   17.81732
166.60   17.33973
166.95   17.38761
167.30   18.45640
167.65   17.51041
168.00   17.83980
168.35   17.20165
168.70   17.19217
169.05   17.82426
169.40   17.60426
169.75   17.52555
170.10   18.10533
170.45   17.71373
170.80   17.71268
171.15   17.44214
171.50   18.08858
171.85   17.73735
172.20   18.05986
172.55   17.55481
172.90   17.41550
173.25   17.83790
173.60   17.33752
173.95   17.65444
174.30   17.81613
174.65   17.48582
175.00   17.85454
175.35   17.70602
175.70   17.87087
176.05   18.31215
176.40   17.98808
176.75   18.45534
177.10   18.48495
177.45   18.73531
177.80   18.77259
178.15   18.48211
178.50   18.79743
178.85   18.28304
179.20   18.68909
179.55   17.52036
179.90   18.69488
180.25   18.16378
180.60   17.58506
180.95   18.25478
181.30   18.27142
181.65   17.99173
182.00   17.99731
182.35   17.51615
182.70   17.89056
183.05   17.77690
183.40   17.51341
183.75   17.70482
184.10   17.42324
184.45   18.15798
184.80   17.72246
185.15   17.80810
185.50   17.86402
185.85   17.81948
186.20   17.16822
186.55   17.73991
186.90   17.59906
187.25   17.90032
187.60   18.20407
187.95   17.67932
188.30   17.72542
188.65   17.66143
189.00   17.60153
189.35   16.98100
189.70   16.79195
190.05   17.16174
190.40   17.18242
190.75   16.88167
191.10   17.82516
191.45   17.38448
191.80   17.39823
192.15   16.96893
192.50   17.28415
192.85   17.74952
193.20   17.67001
193.55   18.21157
193.90   18.05496
194.25   18.04655
194.60   17.60570
194.95   17.73591
195.30   17.48546
195.65   17.99523
196.00   17.69836
196.35   17.78755
196.70   17.96394
197.05   18.22540
197.40   18.06296
197.75   18.16157
198.10   18.21495
198.45   18.61254
198.80   18.17362
199.15   18.30515
199.50   18.28798
199.85   18.10052
200.20   18.99766
200.55   18.45697
200.90   18.33431
201.25   18.52767
201.60   18.70195
201.95   18.56135
202.30   18.41313
202.65   18.42589
203.00   18.63124
203.35   17.89819
203.70   18.14739
204.05   17.68387
204.40   17.98881
204.75   17.95472
205.10   18.21185
205.45   18.00193
205.80   18.20870
206.15   18.26696
206.50   18.54501
206.85   19.24126
207.20   18.69658
207.55   19.38357
207.90   19.31965
208.25   19.06749
208.60   18.90018
208.95   18.58435
209.30   18.91421
209.65   19.18749
210.00   18.68705
210.35   18.43042
210.70   18.88397
211.05   18.29683
211.40   18.23317
211.75   18.42515
212.10   18.95048
212.45   18.74506
212.80   18.69822
213.15   18.50383
213.50   19.02911
213.85   19.30254
214.20   18.54285
214.55   18.99789
214.90   19.02805
215.25   18.85661
215.60   18.48132
215.95   18.20333
216.30   17.74392
216.65   18.16201
217.00   19.05975
217.35   18.36014
217.70   18.65925
218.05   18.42668
218.40   18.42171
218.75   18.14076
219.10   18.56736
219.45   18.31209
219.80   17.77748
220.15   18.10079
220.50   17.84340
220.85   17.83792
221.20   17.82782
221.55   18.11827
221.90   17.94080
222.25   17.89923
222.60   17.84036
222.95   17.22080
223.30   17.96938
223.65   17.92038
224.00   17.91453
224.35   18.63950
224.70   18.07795
225.05   18.34298
225.40   17.96932
225.75   18.01828
226.10   18.03139
226.45   18.04800
226.80   17.77787
227.15   17.91308
227.50   18.04578
227.85   17.20408
228.20   17.73444
228.55   18.38980
228.90   17.87299
229.25   17.63989
229.60   18.61260
229.95   18.50771
230.30   18.50141
230.65   18.65749
231.00   18.77148
231.35   18.38382
231.70   19.19830
232.05   18.33798
232.40   18.37765
232.75   18.55825
233.10   18.69201
233.45   18.54649
233.80   18.75104
234.15   18.45318
234.50   18.94118
234.85   18.23709
235.20   18.88735
235.55   18.73848
235.90   18.42734
236.25   18.39176
236.60   18.86292
236.95   18.50290
237.30   18.22804
237.65   18.69254
238.00   18.44028
238.35   19.15751
238.70   18.97785
239.05   19.15014
239.40   18.67228
239.75   18.85594
240.10   18.97638
240.45   18.53850
240.80   18.14830
241.15   18.56818
241.50   18.45153
241.85   18.50044
242.20   19.19838
242.55   18.83629
242.90   18.76270
243.25   19.90346
243.60   19.50173
243.95   19.31366
244.30   18.14738
244.65   18.69433
245.00   19.10988
245.35   19.42906
245.70   18.51350
246.05   19.04463
246.40   19.21861
246.75   18.60952
247.10   18.10980
247.45   18.77496
247.80   18.40282
248.15   18.54122
248.50   19.10761
248.85   18.26734
249.20   18.44052
249.55   18.55660
249.90   18.72451
