# center-of-geometry distance [nm] vs time [ns]
 0.00   17.86846
 0.35   18.58832
 0.70   19.02775
 1.05   18.61112
 1.40   18.86831
 1.75   18.83042
 2.10   18.79939
 2.45   18.63813
 2.80   18.43113
 3.15   18.41367
 3.50   18.61224
 3.85   18.57005
 4.20   18.57660
 4.55   18.76524
 4.90   18.37799
 5.25   18.14355
 5.60   18.40933
 5.95   18.81432
 6.30   18.21095
 6.65   18.67829
 7.00   18.73146
 7.35   18.52337
 7.70   18.84137
 8.05   19.40164
 8.40   18.22520
 8.75   18.56949
 9.10   18.82532
 9.45   19.00015
 9.80   18.75550
10.15   19.05198
10.50   19.27603
10.85   19.48254
11.20   18.22335
11.55   18.69261
11.90   18.20448
12.25   18.30365
12.60   18.38685
12.95   18.27793
13.30   18.46266
13.65   18.64201
14.00   18.77081
14.35   18.73459
14.70   18.69860
15.05   18.83003
15.40   18.58491
15.75   18.77912
16.10   18.86216
16.45   18.36322
16.80   18.15619
17.15   18.19354
17.50   18.65870
17.85   18.63197
18.20   18.37439
18.55   18.24617
18.90   17.59272
19.25   18.33671
19.60   18.65014
19.95   18.01835
20.30   17.64675
20.65   18.25912
21.00   18.14469
21.35   18.50451
21.70   18.59237
22.05   18.26294
22.40   18.03894
22.75   18.10215
23.10   18.19668
23.45   18.88916
23.80   18.88546
24.15   18.57164
24.50   18.42852
24.85   18.42400
25.20   17.85426
25.55   18.27953
25.90   18.13999
26.25   18.27106
26.60   17.53510
26.95   18.34510
27.30   18.25310
27.65   18.02675
28.00   17.79118
28.35   18.52398
28.70   18.24912
29.05   17.63864
29.40   18.36193
29.75   18.13679
30.10   18.93665
30.45   17.77661
30.80   17.85107
31.15   17.73043
31.50   18.12331
31.85   18.61338
32.20   18.64499
32.55   17.91154
32.90   18.06884
33.25   17.86054
33.60   18.65640
33.95   18.31238
34.30   18.94621
34.65   18.58172
35.00   18.56281
35.35   18.51751
35.70   18.21699
36.05   18.44244
36.40   17.96809
36.75   18.93871
37.10   18.60459
37.45   18.62000
37.80   18.37312
38.15   18.36673
38.50   18.52048
38.85   18.73137
39.20   18.40248
39.55   19.12637
39.90   18.38685
40.25   18.12175
40.60   19.08654
40.95   18.26080
41.30   18.84543
41.65   18.41904
42.00   18.37688
42.35   18.32120
42.70   18.73745
43.05   19.02389
43.40   18.61230
43.75   19.03372
44.10   18.32684
44.45   19.02490
44.80   18.18708
45.15   18.67954
45.50   18.87678
45.85   18.59531
46.20   18.36907
46.55   18.47881
46.90   18.42468
47.25   18.28636
47.60   18.70192
47.95   18.58260
48.30   19.01734
48.65   18.42066
49.00   18.77340
49.35   18.82201
49.70   18.64628
50.05   18.38936
50.40   18.59448
50.75   18.55132
51.10   19.04140
51.45   18.40205
51.80   18.54072
52.15   19.16860
52.50   18.79340
52.85   18.70930
53.20   18.74710
53.55   18.32787
53.90   18.50889
54.25   18.55765
54.60   18.82635
54.95   18.72833
55.30   18.77021
55.65   18.71132
56.00   18.07889
56.35   18.43431
56.70   18.83800
57.05   18.52649
57.40   19.02547
57.75   18.74263
58.10   18.98197
58.45   18.91467
58.80   18.98725
59.15   18.68686
59.50   18.86845
59.85   18.70802
60.20   18.98131
60.55   18.99912
60.90   18.04927
61.25   18.96136
61.60   18.50984
61.95   18.39370
62.30   18.45001
62.65   18.64001
63.00   17.95865
63.35   18.15266
63.70   18.34503
64.05   18.11433
64.40   17.45848
64.75   17.95778
65.10   17.86805
65.45   18.02150
65.80   18.43031
66.15   17.99658
66.50   17.50656
66.85   17.91221
67.20   18.17766
67.55   18.12224
67.90   17.73539
68.25   18.54000
68.60   17.99202
68.95   18.06615
69.30   18.27736
69.65   18.31702
70.00   18.13712
70.35   17.89646
70.70   17.93150
71.05   18.12786
71.40   18.00448
71.75   17.65440
72.10   17.65340
72.45   17.82819
72.80   17.61909
73.15   17.56773
73.50   17.61562
73.85   17.93418
74.20   17.58035
74.55   17.99595
74.90   17.83186
75.25   17.50360
75.60   17.60262
75.95   17.92864
76.30   17.62380
76.65   17.86300
77.00   17.90319
77.35   18.06886
77.70   17.76605
78.05   17.83418
78.40   18.25877
78.75   18.44257
79.10   18.26769
79.45   18.07670
79.80   18.14330
80.15   18.22007
80.50   18.12954
80.85   18.23840
81.20   18.57680
81.55   17.84446
81.90   18.62339
82.25   18.60463
82.60   18.37156
82.95   18.22346
83.30   18.07132
83.65   18.53565
84.00   18.17920
84.35   18.64321
84.70   17.84176
85.05   18.42308
85.40   18.33564
85.75   18.30780
86.10   18.40120
86.45   18.27467
86.80   18.48392
87.15   18.37030
87.50   18.59184
87.85   18.15294
88.20   17.79317
88.55   18.19737
88.90   17.98688
89.25   17.78398
89.60   17.81238
89.95   18.17917
90.30   17.81147
90.65   18.45903
91.00   17.84677
91.35   18.20349
91.70   18.20431
92.05   18.04266
92.40   18.24736
92.75   18.06541
93.10   17.09127
93.45   18.37461
93.80   18.60934
94.15   18.22933
94.50   18.58549
94.85   17.87717
95.20   18.50400
95.55   18.47352
95.90   18.24379
96.25   18.24749
96.60   18.23048
96.95   18.57955
97.30   18.27089
97.65   18.50690
98.00   18.33793
98.35   18.60775
98.70   18.32433
99.05   18.43262
99.40   18.19084
99.75   18.65250
100.10   18.46925
100.45   18.21636
100.80   18.32207
101.15   18.48566
101.50   18.19333
101.85   18.55755
102.20   18.44893
102.55   18.38492
102.90   18.49310
103.25   18.25882
103.60   18.42227
103.95   18.20009
104.30   18.02888
104.65   18.14780
105.00   18.20099
105.35   18.04766
105.70   17.76259
106.05   17.94152
106.40   18.00424
106.75   18.18247
107.10   18.30288
107.45   18.34260
107.80   17.83002
108.15   18.40457
108.50   18.44378
108.85   18.26689
109.20   18.03234
109.55   18.13721
109.90   18.44192
110.25   18.40362
110.60   18.14675
110.95   18.37806
111.30   17.83071
111.65   18.27091
112.00   18.33673
112.35   18.62097
112.70   18.39652
113.05   18.18441
113.40   18.18822
113.75   18.36427
114.10   17.96514
114.45   18.10213
114.80   17.71095
115.15   18.10135
115.50   18.20663
115.85   18.48635
116.20   17.84008
116.55   18.68533
116.90   18.08679
117.25   17.56663
117.60   18.47418
117.95   18.45385
118.30   18.02664
118.65   18.02196
119.00   18.34441
119.35   18.06883
119.70   17.80940
120.05   17.55025
120.40   17.70003
120.75   17.97221
121.10   17.75452
121.45   17.93735
121.80   18.64039
122.15   18.57850
122.50   18.43031
122.85   18.31711
123.20   18.58947
123.55   18.34814
123.90   18.60815
124.25   18.18925
124.60   18.79572
124.95   18.19620
125.30   18.56852
125.65   18.72481
126.00   18.33095
126.35   18.41391
126.70   18.49126
127.05   18.59437
127.40   18.59515
127.75   18.47328
128.10   18.38871
128.45   18.52506
128.80   18.69263
129.15   18.57037
129.50   18.19594
129.85   17.38653
130.20   18.56344
130.55   18.60566
130.90   18.55050
131.25   18.70693
131.60   18.29658
131.95   18.46992
132.30   18.63680
132.65   18.40434
133.00   18.50208
133.35   19.17347
133.70   18.45963
134.05   18.01057
134.40   18.74171
134.75   18.33271
135.10   18.17865
135.45   18.86362
135.80   18.87843
136.15   18.19417
136.50   18.41618
136.85   18.56058
137.20   18.82297
137.55   18.46316
137.90   18.64813
138.25   19.14597
138.60   18.71225
138.95   18.32165
139.30   18.23050
139.65   18.82369
140.00   18.15981
140.35   18.62232
140.70   18.50557
141.05   18.67707
141.40   18.39960
141.75   18.16056
142.10   18.55045
142.45   19.00605
142.80   18.34939
143.15   18.94960
143.50   18.33788
143.85   18.83098
144.20   18.46866
144.55   18.80410
144.90   18.53569
145.25   18.41532
145.60   18.65709
145.95   18.76250
146.30   18.85683
146.65   18.73450
147.00   18.79835
147.35   18.91466
147.70   18.61099
148.05   18.29612
148.40   18.33049
148.75   18.17275
149.10   18.14363
149.45   18.16821
149.80   18.68690
150.15   18.15422
150.50   18.12246
150.85   18.96879
151.20   17.90345
151.55   18.41313
151.90   18.30449
152.25   18.39127
152.60   18.34158
152.95   18.40727
153.30   18.49327
153.65   18.54930
154.00   18.15073
154.35   18.79677
154.70   18.64194
155.05   18.70372
155.40   18.35500
155.75   18.62417
156.10   18.54809
156.45   18.82679
156.80   18.94184
157.15   19.01142
157.50   18.43276
157.85   18.64158
158.20   18.74228
158.55   18.60175
158.90   18.35297
159.25   18.66117
159.60   18.61485
159.95   18.53367
160.30   18.86955
160.65   18.48223
161.00   18.78463
161.35   19.18385
161.70   18.34374
162.05   18.53780
162.40   18.36075
162.75   18.74515
163.10   18.81845
163.45   18.84174
163.80   18.64456
164.15   18.42549
164.50   19.13728
164.85   18.29044
165.20   18.38386
165.55   18.54800
165.90   18.62234
166.25   18.90529
166.60   18.18098
166.95   18.18756
167.30   18.68403
167.65   18.52372
168.00   18.81817
168.35   18.26594
168.70   18.27382
169.05   18.72905
169.40   18.63626
169.75   18.05980
170.10   18.27619
170.45   18.31429
170.80   18.36849
171.15   18.16638
171.50   18.31916
171.85   18.03366
172.20   18.70471
172.55   18.21828
172.90   18.08271
173.25   18.69200
173.60   18.18242
173.95   18.12003
174.30   18.52611
174.65   18.11290
175.00   18.07005
175.35   18.12310
175.70   18.48766
176.05   18.68579
176.40   19.02796
176.75   19.27170
177.10   18.54083
177.45   18.53664
177.80   18.52474
178.15   18.02907
178.50   18.19885
178.85   18.25529
179.20   18.11078
179.55   18.32657
179.90   18.55077
180.25   18.66854
180.60   18.33174
180.95   18.25443
181.30   18.18119
181.65   18.54650
182.00   18.31997
182.35   18.42374
182.70   18.34738
183.05   18.28775
183.40   18.21031
183.75   18.33799
184.10   18.37121
184.45   18.18968
184.80   18.28094
185.15   18.42250
185.50   18.65522
185.85   18.11668
186.20   18.36117
186.55   18.60833
186.90   18.05704
187.25   17.99053
187.60   18.13671
187.95   18.35011
188.30   18.18372
188.65   18.55616
189.00   18.33486
189.35   18.15080
189.70   18.13410
190.05   18.48163
190.40   18.40703
190.75   18.15492
191.10   18.29940
191.45   18.55858
191.80   18.65134
192.15   18.66887
192.50   18.55537
192.85   18.47303
193.20   18.38280
193.55   18.18657
193.90   18.30506
194.25   18.35238
194.60   18.30422
194.95   18.51398
195.30   18.46553
195.65   18.16291
196.00   18.60271
196.35   18.40195
196.70   18.17336
197.05   18.24349
197.40   18.88253
197.75   18.49715
198.10   18.18911
198.45   18.57946
198.80   18.52938
199.15   18.22319
199.50   17.96491
199.85   18.64945
200.20   17.90993
200.55   18.03524
200.90   18.61209
201.25   18.48042
201.60   18.80666
201.95   18.64900
202.30   17.91812
202.65   18.97629
203.00   17.95533
203.35   18.53703
203.70   18.36768
204.05   17.94268
204.40   18.34656
204.75   17.89179
205.10   18.13510
205.45   18.40196
205.80   17.90706
206.15   18.21718
206.50   18.11640
206.85   18.51829
207.20   18.22992
207.55   17.91741
207.90   18.21516
208.25   17.95520
208.60   18.25213
208.95   18.33256
209.30   17.92185
209.65   18.01855
210.00   17.96742
210.35   18.19382
210.70   18.29197
211.05   17.85250
211.40   17.63200
211.75   18.22082
212.10   18.48577
212.45   17.76633
212.80   18.65167
213.15   18.15037
213.50   17.91686
213.85   18.38562
214.20   18.47952
214.55   18.67561
214.90   18.15178
215.25   18.39130
215.60   18.18309
215.95   17.94436
216.30   18.45280
216.65   18.23146
217.00   17.94692
217.35   18.47420
217.70   18.35002
218.05   18.23412
218.40   18.29794
218.75   18.28787
219.10   17.33074
219.45   18.24757
219.80   18.06808
220.15   18.33303
220.50   18.29073
220.85   17.91904
221.20   17.88672
221.55   17.95107
221.90   18.09606
222.25   18.44925
222.60   18.59098
222.95   17.80169
223.30   18.52623
223.65   17.42363
224.00   18.08954
224.35   18.10556
224.70   18.43832
225.05   18.50561
225.40   18.16349
225.75   18.26863
226.10   18.42080
226.45   18.15351
226.80   18.40217
227.15   18.37401
227.50   18.19764
227.85   18.25352
228.20   18.08560
228.55   18.30074
228.90   18.65144
229.25   18.85317
229.60   18.13435
229.95   18.28299
230.30   18.39634
230.65   18.90667
231.00   18.86644
231.35   18.73562
231.70   18.86935
232.05   18.37783
232.40   18.05514
232.75   18.06977
233.10   18.46605
233.45   18.16288
233.80   18.06485
234.15   18.56145
234.50   18.22681
234.85   18.38228
235.20   18.10236
235.55   18.32169
235.90   18.23489
236.25   18.48245
236.60   18.11114
236.95   17.86212
237.30   18.29659
237.65   17.88616
238.00   18.03943
238.35   18.47376
238.70   18.48730
239.05   17.91756
239.40   18.17121
239.75   18.75973
240.10   18.74566
240.45   18.14714
240.80   18.78177
241.15   18.49888
241.50   18.69318
241.85   18.19458
242.20   17.75415
242.55   18.48138
242.90   18.04492
243.25   18.57138
243.60   18.48253
243.95   17.75786
244.30   17.74221
244.65   18.25688
245.00   18.02094
245.35   18.81515
245.70   18.10938
246.05   18.48582
246.40   18.89931
246.75   18.52235
247.10   18.02168
247.45   18.27697
247.80   18.09392
248.15   17.92975
248.50   18.29284
248.85   18.23348
249.20   18.64638
249.55   18.34654
249.90   18.38175
