# center-of-geometry distance [nm] vs time [ns]
 0.00   18.79603
 0.35   19.16487
 0.70   19.47242
 1.05   19.15680
 1.40   19.20250
 1.75   18.86620
 2.10   19.05996
 2.45   18.69667
 2.80   19.18965
 3.15   19.29132
 3.50   18.81434
 3.85   18.53822
 4.20   19.05301
 4.55   19.33253
 4.90   19.35718
 5.25   18.79980
 5.60   18.62353
 5.95   18.38711
 6.30   19.23977
 6.65   19.47967
 7.00   18.91573
 7.35   18.78796
 7.70   18.96631
 8.05   19.06970
 8.40   18.47611
 8.75   18.15761
 9.10   19.04191
 9.45   18.59317
 9.80   18.73933
10.15   18.25547
10.50   18.06425
10.85   19.07556
11.20   18.40193
11.55   18.79024
11.90   18.81897
12.25   18.86037
12.60   19.00246
12.95   18.41755
13.30   18.59695
13.65   18.58780
14.00   18.16063
14.35   17.94384
14.70   18.35618
15.05   18.20653
15.40   17.87780
15.75   18.03050
16.10   18.64235
16.45   18.53997
16.80   18.49805
17.15   18.63521
17.50   18.08780
17.85   18.34409
18.20   18.91505
18.55   18.69282
18.90   18.43060
19.25   18.60923
19.60   18.63480
19.95   18.09231
20.30   18.96808
20.65   17.88903
21.00   18.93306
21.35   18.52912
21.70   18.73478
22.05   18.42768
22.40   18.39602
22.75   18.17117
23.10   18.34085
23.45   18.61108
23.80   17.78229
24.15   18.15774
24.50   18.19952
24.85   18.30697
25.20   18.02412
25.55   18.14275
25.90   18.44318
26.25   18.50948
26.60   18.54796
26.95   18.03261
27.30   18.53539
27.65   18.38581
28.00   18.20125
28.35   18.35488
28.70   18.18597
29.05   18.46858
29.40   18.34963
29.75   17.94888
30.10   18.10538
30.45   17.78958
30.80   18.05963
31.15   18.38235
31.50   18.29487
31.85   18.76438
32.20   18.68679
32.55   18.92986
32.90   18.91362
33.25   18.56638
33.60   18.47465
33.95   18.35189
34.30   18.10848
34.65   18.61172
35.00   18.93277
35.35   18.17671
35.70   18.58254
36.05   18.24678
36.40   18.18630
36.75   18.28179
37.10   18.70541
37.45   18.36291
37.80   18.22150
38.15   18.47144
38.50   18.25694
38.85   18.64983
39.20   18.56479
39.55   18.72505
39.90   18.64512
40.25   18.18891
40.60   18.11377
40.95   18.35547
41.30   18.56329
41.65   18.81377
42.00   18.32743
42.35   18.31800
42.70   18.35516
43.05   18.44462
43.40   18.20102
43.75   18.64380
44.10   18.89822
44.45   19.10940
44.80   18.94649
45.15   18.92914
45.50   19.29837
45.85   18.73374
46.20   18.49762
46.55   19.10248
46.90   18.68302
47.25   18.46282
47.60   18.44525
47.95   18.79187
48.30   18.81518
48.65   18.56813
49.00   18.71886
49.35   18.07877
49.70   18.29154
50.05   18.14867
50.40   18.45952
50.75   18.50568
51.10   17.88929
51.45   18.26376
51.80   18.68203
52.15   18.55934
52.50   18.65181
52.85   19.05658
53.20   19.04705
53.55   18.35490
53.90   18.53258
54.25   18.90859
54.60   18.77094
54.95   18.80673
55.30   18.23088
55.65   19.10197
56.00   19.03192
56.35   18.94601
56.70   18.93329
57.05   19.19637
57.40   18.61147
57.75   18.91633
58.10   18.90795
58.45   18.77096
58.80   19.16589
59.15   19.22435
59.50   18.85966
59.85   18.50411
60.20   18.89055
60.55   19.35911
60.90   18.89497
61.25   18.58109
61.60   18.72064
61.95   18.63732
62.30   19.18992
62.65   18.76782
63.00   18.99922
63.35   18.45030
63.70   19.23102
64.05   19.02010
64.40   18.97594
64.75   18.94443
65.10   18.26907
65.45   18.81624
65.80   18.42643
66.15   18.41709
66.50   18.75268
66.85   18.89736
67.20   18.35088
67.55   18.58011
67.90   18.57769
68.25   18.59082
68.60   18.62919
68.95   18.73983
69.30   18.89232
69.65   18.24544
70.00   18.97103
70.35   18.38847
70.70   18.08768
71.05   18.97298
71.40   18.53699
71.75   18.49954
72.10   18.55213
72.45   18.36084
72.80   18.34584
73.15   19.34020
73.50   18.26724
73.85   18.54214
74.20   17.73865
74.55   18.52686
74.90   18.28468
75.25   18.21892
75.60   18.45760
75.95   18.87724
76.30   18.70514
76.65   18.32791
77.00   18.40941
77.35   18.56726
77.70   19.26179
78.05   18.62427
78.40   18.70123
78.75   18.66730
79.10   18.81775
79.45   18.93560
79.80   18.69840
80.15   19.39161
80.50   19.15953
80.85   18.78784
81.20   18.49008
81.55   18.83391
81.90   18.87379
82.25   19.24355
82.60   18.88336
82.95   18.66293
83.30   18.70922
83.65   18.63656
84.00   19.24242
84.35   18.71297
84.70   18.77277
85.05   18.57657
85.40   18.30650
85.75   18.80330
86.10   19.55014
86.45   18.95286
86.80   18.71901
87.15   18.88184
87.50   18.97318
87.85   18.34560
88.20   18.53830
88.55   17.92656
88.90   17.96674
89.25   18.21345
89.60   18.10715
89.95   18.04276
90.30   18.34836
90.65   18.33611
91.00   19.21637
91.35   19.17084
91.70   19.19216
92.05   18.32181
92.40   18.45565
92.75   18.27372
93.10   18.04212
93.45   18.81870
93.80   18.79572
94.15   18.26850
94.50   18.76847
94.85   18.57263
95.20   18.26694
95.55   18.80499
95.90   19.00541
96.25   18.65787
96.60   18.23008
96.95   18.62711
97.30   18.13878
97.65   18.45436
98.00   18.09103
98.35   18.91627
98.70   18.68128
99.05   18.32360
99.40   18.30151
99.75   18.39849
100.10   18.44883
100.45   18.57079
100.80   18.46143
101.15   18.49629
101.50   18.55343
101.85   18.61381
102.20   18.20541
102.55   18.34808
102.90   18.43552
103.25   18.57519
103.60   18.41785
103.95   18.53048
104.30   18.65418
104.65   17.77381
105.00   18.48135
105.35   18.98136
105.70   18.87625
106.05   18.83567
106.40   18.07185
106.75   18.48783
107.10   18.67086
107.45   18.64825
107.80   19.05923
108.15   18.23631
108.50   18.88252
108.85   19.05726
109.20   18.66152
109.55   18.99774
109.90   18.69312
110.25   18.57642
110.60   19.10747
110.95   18.76736
111.30   18.49623
111.65   19.03561
112.00   17.94913
112.35   18.87131
112.70   19.02036
113.05   18.32809
113.40   18.68162
113.75   18.63769
114.10   19.05911
114.45   18.93977
114.80   18.85086
115.15   19.26135
115.50   18.83640
115.85   18.87919
116.20   18.98786
116.55   18.70245
116.90   19.13191
117.25   18.57536
117.60   18.55957
117.95   19.16388
118.30   19.01893
118.65   18.46376
119.00   18.98087
119.35   18.62785
119.70   18.91917
120.05   18.72687
120.40   18.94486
120.75   18.50934
121.10   18.86942
121.45   18.72107
121.80   18.76005
122.15   18.57681
122.50   18.90288
122.85   18.66745
123.20   19.04560
123.55   18.81558
123.90   18.64809
124.25   18.46481
124.60   18.36326
124.95   18.11363
125.30   18.48677
125.65   18.53884
126.00   18.31137
126.35   18.16791
126.70   18.39750
127.05   18.49314
127.40   18.70452
127.75   18.04445
128.10   18.50596
128.45   18.92509
128.80   18.43352
129.15   19.20645
129.50   19.14723
129.85   18.52596
130.20   18.76334
130.55   19.00236
130.90   18.90092
131.25   18.48720
131.60   19.01987
131.95   18.34368
132.30   18.71468
132.65   18.51549
133.00   18.54490
133.35   18.15432
133.70   18.16339
134.05   18.43369
134.40   18.58847
134.75   17.67722
135.10   18.83320
135.45   18.90944
135.80   17.94110
136.15   18.86234
136.50   18.56216
136.85   18.97897
137.20   19.22196
137.55   18.73521
137.90   19.02416
138.25   19.07598
138.60   19.07107
138.95   18.86948
139.30   19.15576
139.65   19.00592
140.00   19.04493
140.35   18.35638
140.70   18.82851
141.05   18.63318
141.40   19.28119
141.75   19.09161
142.10   18.95803
142.45   18.26177
142.80   18.73350
143.15   18.86166
143.50   18.78175
143.85   18.59861
144.20   18.95486
144.55   18.52844
144.90   18.84940
145.25   18.51057
145.60   18.66758
145.95   18.37554
146.30   19.22381
146.65   18.23666
147.00   18.32641
147.35   18.47223
147.70   18.97266
148.05   18.83814
148.40   18.84416
148.75   19.02221
149.10   18.80709
149.45   18.51147
149.80   19.17496
150.15   19.39424
150.50   19.23835
150.85   19.56271
151.20   18.77229
151.55   19.08875
151.90   19.19047
152.25   18.97899
152.60   18.73592
152.95   18.79484
153.30   18.64133
153.65   18.82035
154.00   18.49952
154.35   19.08860
154.70   18.59724
155.05   18.84474
155.40   18.58940
155.75   18.44502
156.10   18.73661
156.45   18.65860
156.80   18.71328
157.15   18.39891
157.50   18.36908
157.85   18.07798
158.20   18.08702
158.55   18.80546
158.90   18.58772
159.25   18.65682
159.60   18.38065
159.95   18.20767
160.30   18.41817
160.65   18.08129
161.00   18.17224
161.35   18.23568
161.70   18.08484
162.05   18.56946
162.40   18.38760
162.75   18.43000
163.10   18.66142
163.45   18.33401
163.80   18.04388
164.15   18.21724
164.50   17.78609
164.85   18.17331
165.20   17.93742
165.55   18.00078
165.90   17.79656
166.25   17.96903
166.60   18.71779
166.95   18.50408
167.30   17.75713
167.65   18.31219
168.00   18.38612
168.35   18.45823
168.70   18.29728
169.05   18.31905
169.40   18.33266
169.75   17.61348
170.10   17.93996
170.45   17.79909
170.80   17.95727
171.15   17.71040
171.50   18.05797
171.85   17.62638
172.20   17.88793
172.55   17.84735
172.90   17.81454
173.25   17.72051
173.60   17.71289
173.95   17.70980
174.30   17.64345
174.65   18.14249
175.00   17.72464
175.35   17.55233
175.70   17.78742
176.05   17.54752
176.40   17.82406
176.75   17.88037
177.10   17.94346
177.45   17.38127
177.80   18.27474
178.15   17.66702
178.50   17.85727
178.85   17.94468
179.20   18.29624
179.55   18.37068
179.90   18.21198
180.25   18.00575
180.60   17.96776
180.95   18.10270
181.30   17.99610
181.65   17.70400
182.00   18.22061
182.35   18.27368
182.70   17.18872
183.05   17.08450
183.40   17.54089
183.75   17.72116
184.10   17.95350
184.45   17.68716
184.80   17.87860
185.15   18.29717
185.50   17.96166
185.85   18.09041
186.20   17.28646
186.55   17.98625
186.90   17.77215
187.25   17.85519
187.60   17.75237
187.95   17.58202
188.30   17.95524
188.65   17.53481
189.00   18.18787
189.35   17.63472
189.70   18.19477
190.05   18.14863
190.40   17.97141
190.75   17.91680
191.10   17.95417
191.45   17.50842
191.80   17.65140
192.15   18.05440
192.50   17.12202
192.85   17.27417
193.20   17.59092
193.55   17.75806
193.90   17.59177
194.25   17.30379
194.60   17.45561
194.95   17.18875
195.30   17.65531
195.65   18.05060
196.00   17.50435
196.35   18.09952
196.70   18.38900
197.05   17.92110
197.40   18.06425
197.75   18.25635
198.10   17.90307
198.45   17.80534
198.80   18.13444
199.15   17.80798
199.50   17.83407
199.85   17.75111
200.20   17.42870
200.55   17.18000
200.90   17.69452
201.25   17.62594
201.60   17.96235
201.95   17.76085
202.30   17.78932
202.65   17.84169
203.00   18.01876
203.35   17.37109
203.70   17.33599
204.05   17.52412
204.40   17.17721
204.75   17.25473
205.10   17.22037
205.45   17.70685
205.80   17.55161
206.15   17.27779
206.50   17.19100
206.85   17.18667
207.20   17.72178
207.55   16.96552
207.90   17.06310
208.25   17.73226
208.60   16.95303
208.95   17.44964
209.30   17.44402
209.65   16.79990
210.00   17.82495
210.35   17.26418
210.70   17.61929
211.05   17.48641
211.40   17.39163
211.75   17.81499
212.10   17.93226
212.45   17.61242
212.80   18.00107
213.15   17.20047
213.50   17.49190
213.85   17.14057
214.20   17.08511
214.55   17.19445
214.90   17.47685
215.25   17.21332
215.60   17.53838
215.95   17.26297
216.30   17.10901
216.65   17.23112
217.00   17.61265
217.35   16.95873
217.70   17.36149
218.05   17.54770
218.40   17.53387
218.75   17.36708
219.10   17.36284
219.45   17.33117
219.80   16.79694
220.15   17.61546
220.50   17.02274
220.85   17.44481
221.20   17.18106
221.55   17.18921
221.90   17.11206
222.25   17.69550
222.60   17.08870
222.95   17.65615
223.30   17.29284
223.65   17.04613
224.00   17.36875
224.35   17.00292
224.70   17.22783
225.05   17.74208
225.40   17.50945
225.75   17.53312
226.10   18.09479
226.45   17.44366
226.80   18.04514
227.15   17.68378
227.50   17.74961
227.85   17.56983
228.20   17.58477
228.55   17.63106
228.90   17.54281
229.25   18.13235
229.60   17.54297
229.95   17.56594
230.30   17.53690
230.65   17.41777
231.00   17.51313
231.35   17.43001
231.70   18.00715
232.05   17.16355
232.40   17.41833
232.75   17.05275
233.10   18.09641
233.45   17.86219
233.80   17.98921
234.15   17.15631
234.50   17.16306
234.85   17.21120
235.20   16.79130
235.55   17.46609
235.90   17.80674
236.25   17.54293
236.60   17.16976
236.95   16.73326
237.30   17.44242
237.65   17.77432
238.00   17.61835
238.35   17.76467
238.70   17.77247
239.05   17.49860
239.40   17.35482
239.75   17.71476
240.10   17.70321
240.45   17.90332
240.80   17.95680
241.15   17.66956
241.50   17.58775
241.85   17.45500
242.20   17.31609
242.55   17.05864
242.90   17.31055
243.25   18.11943
243.60   18.35868
243.95   18.15805
244.30   17.62603
244.65   16.67847
245.00   17.18486
245.35   17.33359
245.70   16.80949
246.05   17.50182
246.40   17.36801
246.75   16.90805
247.10   16.37695
247.45   16.92934
247.80   16.81537
248.15   17.60807
248.50   17.07996
248.85   16.59875
249.20   16.75920
249.55   16.86515
249.90   16.86417
