# center-of-geometry distance [nm] vs time [ns]
 0.00   18.59883
 0.35   19.22000
 0.70   19.35889
 1.05   19.32783
 1.40   19.49146
 1.75   18.54810
 2.10   19.24976
 2.45   18.61079
 2.80   18.66690
 3.15   18.63402
 3.50   19.04431
 3.85   19.21434
 4.20   18.88420
 4.55   18.71420
 4.90   19.13970
 5.25   18.65997
 5.60   19.23550
 5.95   19.40466
 6.30   19.68981
 6.65   19.34690
 7.00   19.52090
 7.35   19.15873
 7.70   18.88660
 8.05   19.18741
 8.40   19.49612
 8.75   19.16674
 9.10   19.06575
 9.45   19.47111
 9.80   19.40305
10.15   19.09658
10.50   19.22405
10.85   18.96555
11.20   19.12376
11.55   19.11559
11.90   19.11251
12.25   19.26336
12.60   19.27093
12.95   19.20030
13.30   18.99210
13.65   18.85819
14.00   19.16802
14.35   19.43344
14.70   19.44306
15.05   19.50209
15.40   19.39174
15.75   19.65704
16.10   19.15572
16.45   19.54365
16.80   19.54310
17.15   19.42035
17.50   19.12997
17.85   19.78629
18.20   19.90796
18.55   19.85180
18.90   19.55421
19.25   19.53791
19.60   19.35642
19.95   19.47856
20.30   19.41957
20.65   19.69753
21.00   19.30910
21.35   19.07521
21.70   19.71620
22.05   19.92773
22.40   19.57339
22.75   19.15040
23.10   19.32792
23.45   19.44549
23.80   19.50537
24.15   19.41847
24.50   19.59954
24.85   19.17510
25.20   19.43396
25.55   18.99257
25.90   19.24429
26.25   19.69541
26.60   20.01070
26.95   19.22005
27.30   19.69999
27.65   19.06128
28.00   19.11418
28.35   18.76647
28.70   19.68643
29.05   19.64038
29.40   18.95956
29.75   19.76768
30.10   18.88653
30.45   19.21339
30.80   19.32883
31.15   19.30966
31.50   19.49357
31.85   18.62086
32.20   19.26210
32.55   19.21522
32.90   19.15602
33.25   18.95124
33.60   19.10371
33.95   18.87698
34.30   18.90047
34.65   18.57582
35.00   19.08369
35.35   18.71970
35.70   18.96681
36.05   19.34742
36.40   19.37438
36.75   19.42953
37.10   18.97576
37.45   18.89298
37.80   18.53268
38.15   19.13520
38.50   19.09707
38.85   18.91843
39.20   19.34406
39.55   19.67690
39.90   20.13977
40.25   18.90591
40.60   19.10936
40.95   19.18667
41.30   19.21866
41.65   19.57051
42.00   19.28335
42.35   19.56346
42.70   18.94471
43.05   19.81776
43.40   19.08952
43.75   20.43936
44.10   19.80892
44.45   19.73735
44.80   19.62160
45.15   19.54673
45.50   19.30854
45.85   19.62619
46.20   19.41518
46.55   19.49127
46.90   19.80206
47.25   20.42175
47.60   19.48488
47.95   19.52058
48.30   20.25488
48.65   19.79362
49.00   19.14693
49.35   19.89544
49.70   19.70267
50.05   19.23649
50.40   19.91823
50.75   19.04453
51.10   19.83395
51.45   19.60859
51.80   19.99154
52.15   19.94646
52.50   19.65752
52.85   19.40432
53.20   19.44023
53.55   19.57107
53.90   19.00216
54.25   18.78682
54.60   19.15159
54.95   18.82662
55.30   19.72259
55.65   19.07563
56.00   19.35162
56.35   19.65540
56.70   19.30893
57.05   19.84582
57.40   19.34867
57.75   20.30224
58.10   19.50595
58.45   19.47146
58.80   19.58416
59.15   19.32915
59.50   19.31119
59.85   18.94232
60.20   19.09852
60.55   19.12847
60.90   19.55723
61.25   18.87668
61.60   19.74931
61.95   18.88515
62.30   19.62017
62.65   19.22453
63.00   18.71388
63.35   19.30968
63.70   19.28554
64.05   19.30534
64.40   19.29306
64.75   19.67462
65.10   19.64611
65.45   19.75020
65.80   20.28387
66.15   19.71979
66.50   19.83391
66.85   19.48003
67.20   19.46341
67.55   19.19916
67.90   19.25913
68.25   19.51808
68.60   19.13054
68.95   20.00029
69.30   19.57593
69.65   19.22142
70.00   19.50139
70.35   19.31103
70.70   19.29006
71.05   19.33395
71.40   19.01321
71.75   19.22231
72.10   19.66224
72.45   18.82885
72.80   19.19957
73.15   19.40686
73.50   18.72012
73.85   19.68039
74.20   19.21203
74.55   19.83361
74.90   19.23328
75.25   18.65516
75.60   18.78783
75.95   19.32442
76.30   19.20880
76.65   19.26690
77.00   19.12683
77.35   19.47058
77.70   19.28517
78.05   19.29385
78.40   19.55344
78.75   19.37801
79.10   18.83068
79.45   19.39523
79.80   18.52802
80.15   18.96488
80.50   18.61887
80.85   19.33093
81.20   18.44377
81.55   19.34477
81.90   18.73865
82.25   18.98839
82.60   18.96009
82.95   19.06051
83.30   19.03567
83.65   18.64134
84.00   17.91364
84.35   19.04333
84.70   19.28420
85.05   19.91841
85.40   19.31923
85.75   19.40593
86.10   19.93129
86.45   19.92953
86.80   19.77160
87.15   19.24050
87.50   19.14098
87.85   19.18202
88.20   19.07413
88.55   18.86521
88.90   19.22396
89.25   18.83024
89.60   18.56208
89.95   18.51276
90.30   18.71254
90.65   18.71506
91.00   19.41130
91.35   18.85472
91.70   19.21934
92.05   18.47629
92.40   18.98911
92.75   18.75448
93.10   18.82215
93.45   18.28846
93.80   18.46115
94.15   19.01896
94.50   19.03850
94.85   18.74828
95.20   18.80609
95.55   18.70951
95.90   18.13227
96.25   18.42899
96.60   18.69572
96.95   18.58150
97.30   19.05436
97.65   18.96927
98.00   18.62022
98.35   18.53717
98.70   18.74580
99.05   19.52131
99.40   18.95337
99.75   18.61523
100.10   18.98584
100.45   18.92764
100.80   18.62649
101.15   18.92170
101.50   18.91870
101.85   19.31180
102.20   19.44722
102.55   19.21168
102.90   19.53178
103.25   19.74581
103.60   18.97651
103.95   19.42420
104.30   19.55215
104.65   19.50368
105.00   19.32328
105.35   18.77560
105.70   19.50010
106.05   19.26409
106.40   19.39879
106.75   19.52926
107.10   19.70196
107.45   20.41932
107.80   19.25054
108.15   19.50341
108.50   18.53606
108.85   18.94942
109.20   18.98927
109.55   18.85151
109.90   19.27836
110.25   19.04236
110.60   18.89274
110.95   18.75639
111.30   18.75185
111.65   18.76075
112.00   19.44062
112.35   18.91994
112.70   19.41497
113.05   19.08924
113.40   19.25285
113.75   19.19168
114.10   19.23929
114.45   19.03376
114.80   19.08725
115.15   18.98329
115.50   19.41083
115.85   18.81509
116.20   18.67432
116.55   18.65227
116.90   18.82817
117.25   18.50894
117.60   18.97481
117.95   18.47126
118.30   18.35049
118.65   18.45676
119.00   18.21243
119.35   18.64585
119.70   19.05112
120.05   19.03611
120.40   19.06882
120.75   19.17404
121.10   19.03878
121.45   19.21750
121.80   18.89126
122.15   19.15123
122.50   18.92244
122.85   19.33714
123.20   19.05822
123.55   19.16272
123.90   19.37878
124.25   19.05314
124.60   18.79403
124.95   19.02267
125.30   19.18709
125.65   19.47317
126.00   19.21351
126.35   19.15956
126.70   18.68161
127.05   19.21885
127.40   18.72471
127.75   18.89832
128.10   18.96329
128.45   19.02615
128.80   18.93334
129.15   19.38055
129.50   19.24317
129.85   18.59524
130.20   18.63316
130.55   18.67023
130.90   18.87023
131.25   18.61139
131.60   19.46462
131.95   19.42960
132.30   18.70781
132.65   18.87187
133.00   19.27396
133.35   19.30597
133.70   18.83926
134.05   19.28731
134.40   18.43276
134.75   18.46870
135.10   18.98580
135.45   18.73091
135.80   18.85349
136.15   19.83432
136.50   19.54577
136.85   19.47076
137.20   19.43223
137.55   19.32317
137.90   19.37155
138.25   19.41659
138.60   19.44068
138.95   19.17320
139.30   19.31274
139.65   19.19374
140.00   19.90417
140.35   19.19123
140.70   19.64266
141.05   19.40719
141.40   18.34616
141.75   18.95026
142.10   18.93979
142.45   19.47895
142.80   19.31450
143.15   19.10098
143.50   19.53580
143.85   19.79836
144.20   19.64507
144.55   20.09402
144.90   19.71935
145.25   19.89693
145.60   19.54970
145.95   19.59790
146.30   19.13317
146.65   19.59341
147.00   19.55420
147.35   19.53774
147.70   19.34976
148.05   20.38246
148.40   19.69036
148.75   19.99924
149.10   19.54865
149.45   19.21957
149.80   19.80549
150.15   20.26523
150.50   19.82912
150.85   19.51884
151.20   20.44993
151.55   19.35285
151.90   19.84379
152.25   19.73478
152.60   19.79255
152.95   19.52951
153.30   19.67874
153.65   19.50660
154.00   19.71967
154.35   19.79351
154.70   20.31887
155.05   19.74556
155.40   19.62907
155.75   19.50319
156.10   19.51831
156.45   18.90124
156.80   19.69947
157.15   19.04097
157.50   19.43730
157.85   20.05304
158.20   20.01016
158.55   19.90752
158.90   20.48164
159.25   19.73356
159.60   20.71563
159.95   20.07921
160.30   19.70525
160.65   20.33450
161.00   19.19820
161.35   19.32284
161.70   19.52947
162.05   19.40141
162.40   19.60000
162.75   19.31335
163.10   18.99882
163.45   19.43167
163.80   19.67717
164.15   19.52848
164.50   19.89066
164.85   20.34500
165.20   19.78145
165.55   20.23781
165.90   20.11622
166.25   19.76676
166.60   20.06095
166.95   20.27393
167.30   19.83850
167.65   19.82895
168.00   19.97698
168.35   20.05823
168.70   20.23202
169.05   19.31055
169.40   19.51976
169.75   18.90442
170.10   19.74211
170.45   19.06377
170.80   19.12906
171.15   19.05672
171.50   18.74823
171.85   19.24427
172.20   19.16868
172.55   19.87721
172.90   19.88596
173.25   19.64700
173.60   19.74698
173.95   19.55230
174.30   19.26032
174.65   19.70519
175.00   19.74929
175.35   19.60883
175.70   19.14517
176.05   19.67815
176.40   19.04350
176.75   19.34908
177.10   19.69453
177.45   19.91479
177.80   20.13213
178.15   19.31220
178.50   19.94449
178.85   19.79378
179.20   19.73331
179.55   19.61232
179.90   19.52669
180.25   19.66433
180.60   20.37968
180.95   19.89505
181.30   20.35000
181.65   20.09165
182.00   20.30610
182.35   20.37741
182.70   20.80577
183.05   20.68878
183.40   19.92882
183.75   20.12087
184.10   19.71535
184.45   19.38579
184.80   20.20646
185.15   19.95891
185.50   19.97489
185.85   19.96393
186.20   19.64506
186.55   20.32218
186.90   20.08385
187.25   20.30606
187.60   20.02076
187.95   19.02402
188.30   18.98710
188.65   19.00040
189.00   19.11567
189.35   19.54418
189.70   20.06931
190.05   20.06478
190.40   19.77550
190.75   19.52398
191.10   19.58261
191.45   18.90756
191.80   19.24874
192.15   18.76899
192.50   19.38546
192.85   19.74325
193.20   20.20561
193.55   19.35449
193.90   19.42770
194.25   20.19578
194.60   19.14923
194.95   19.83785
195.30   19.50103
195.65   19.02031
196.00   19.80502
196.35   19.51358
196.70   20.01118
197.05   19.46026
197.40   19.50917
197.75   19.54874
198.10   19.08472
198.45   19.73710
198.80   19.28619
199.15   20.09974
199.50   19.14024
199.85   19.20495
200.20   19.59650
200.55   19.24579
200.90   19.34435
201.25   19.99388
201.60   19.22973
201.95   18.65062
202.30   18.74483
202.65   18.60118
203.00   19.49353
203.35   19.74340
203.70   19.67799
204.05   19.88751
204.40   19.61608
204.75   19.53549
205.10   19.34422
205.45   19.76698
205.80   19.53428
206.15   19.11670
206.50   19.63793
206.85   19.34696
207.20   20.20946
207.55   19.82798
207.90   19.46734
208.25   19.57331
208.60   19.52048
208.95   18.91078
209.30   19.68340
209.65   19.39094
210.00   19.69361
210.35   20.10709
210.70   19.35833
211.05   19.47908
211.40   19.05416
211.75   19.44529
212.10   19.31275
212.45   19.90669
212.80   19.26997
213.15   19.07809
213.50   19.48997
213.85   19.75907
214.20   19.77229
214.55   19.73883
214.90   19.90422
215.25   20.19115
215.60   19.71199
215.95   20.06283
216.30   20.12654
216.65   19.65751
217.00   19.69971
217.35   19.52217
217.70   19.52208
218.05   19.39491
218.40   20.04799
218.75   20.28540
219.10   20.03275
219.45   20.36794
219.80   19.52360
220.15   19.76629
220.50   20.15289
220.85   20.10287
221.20   20.05070
221.55   20.06192
221.90   20.28275
222.25   19.70269
222.60   19.91814
222.95   19.87955
223.30   20.26656
223.65   20.06756
224.00   20.08772
224.35   20.08135
224.70   20.17368
225.05   20.14905
225.40   20.39817
225.75   20.03033
226.10   20.04407
226.45   20.23452
226.80   19.82682
227.15   20.49145
227.50   20.00160
227.85   19.50264
228.20   20.18136
228.55   20.69625
228.90   19.81191
229.25   20.22309
229.60   19.72800
229.95   20.25514
230.30   19.85618
230.65   19.98539
231.00   20.06627
231.35   19.76421
231.70   19.66771
232.05   19.54446
232.40   19.28557
232.75   19.79396
233.10   20.09639
233.45   19.59842
233.80   19.64584
234.15   19.75892
234.50   19.30441
234.85   19.53793
235.20   19.73997
235.55   20.21471
235.90   20.04762
236.25   20.19750
236.60   19.97377
236.95   19.74423
237.30   20.19251
237.65   19.74159
238.00   20.10379
238.35   19.56896
238.70   19.56698
239.05   19.85422
239.40   20.03998
239.75   19.75497
240.10   19.50236
240.45   19.76727
240.80   19.56617
241.15   19.48923
241.50   19.86263
241.85   19.94130
242.20   20.24141
242.55   20.03063
242.90   19.89206
243.25   20.25492
243.60   19.69689
243.95   19.84320
244.30   19.97397
244.65   19.64541
245.00   19.32179
245.35   19.41223
245.70   19.56069
246.05   19.74519
246.40   19.53718
246.75   19.83134
247.10   19.62970
247.45   19.88443
247.80   19.67754
248.15   19.50081
248.50   19.36728
248.85   19.64867
249.20   18.65188
249.55   18.55714
249.90   19.25647
