# center-of-geometry distance [nm] vs time [ns]
 0.00   18.27169
 0.35   18.23657
 0.70   17.83213
 1.05   18.54518
 1.40   18.23581
 1.75   18.38215
 2.10   18.20215
 2.45   18.23749
 2.80   18.25847
 3.15   18.53598
 3.50   18.43386
 3.85   18.18828
 4.20   17.59592
 4.55   18.02980
 4.90   17.91568
 5.25   18.84935
 5.60   18.03180
 5.95   18.17224
 6.30   18.01907
 6.65   17.98190
 7.00   18.16185
 7.35   18.00712
 7.70   18.10403
 8.05   18.14378
 8.40   17.55392
 8.75   18.06349
 9.10   18.25264
 9.45   18.01663
 9.80   17.92614
10.15   17.77187
10.50   17.73793
10.85   17.25140
11.20   18.14247
11.55   17.26067
11.90   17.64684
12.25   17.55805
12.60   17.62101
12.95   17.19182
13.30   17.94294
13.65   17.65647
14.00   17.92961
14.35   17.93462
14.70   18.13565
15.05   17.87970
15.40   17.87329
15.75   17.80505
16.10   17.62891
16.45   17.84717
16.80   17.91369
17.15   18.23261
17.50   18.06648
17.85   18.15630
18.20   18.36845
18.55   18.57854
18.90   17.90003
19.25   18.20233
19.60   18.34247
19.95   18.26511
20.30   17.97771
20.65   18.13159
21.00   17.76960
21.35   18.01604
21.70   17.84056
22.05   18.30410
22.40   17.65419
22.75   17.62742
23.10   17.34585
23.45   17.73208
23.80   18.08891
24.15   17.78345
24.50   17.65162
24.85   17.84821
25.20   16.72588
25.55   17.52975
25.90   16.94503
26.25   16.96234
26.60   17.31650
26.95   17.00778
27.30   17.36920
27.65   17.49141
28.00   17.62477
28.35   18.15006
28.70   18.25499
29.05   17.34688
29.40   17.96739
29.75   18.37933
30.10   17.97636
30.45   17.91098
30.80   17.83614
31.15   17.57302
31.50   17.40387
31.85   17.49675
32.20   17.87170
32.55   17.17363
32.90   17.37648
33.25   17.18286
33.60   17.82233
33.95   18.04447
34.30   18.07415
34.65   18.03187
35.00   17.74496
35.35   17.92389
35.70   17.99743
36.05   17.17479
36.40   17.39757
36.75   17.15244
37.10   17.35585
37.45   16.99646
37.80   17.40583
38.15   17.77113
38.50   17.26576
38.85   17.33292
39.20   17.16380
39.55   17.36421
39.90   17.25999
40.25   17.07669
40.60   17.46224
40.95   17.38557
41.30   17.57359
41.65   17.67281
42.00   17.74449
42.35   18.08674
42.70   18.16417
43.05   17.90152
43.40   17.86044
43.75   17.73424
44.10   17.78317
44.45   17.87017
44.80   17.66426
45.15   17.29359
45.50   17.11843
45.85   17.46895
46.20   17.25527
46.55   17.54285
46.90   17.90356
47.25   17.53686
47.60   17.46914
47.95   17.14500
48.30   17.47009
48.65   17.89168
49.00   18.07034
49.35   17.50314
49.70   18.22730
50.05   17.56114
50.40   17.78404
50.75   17.92484
51.10   17.97411
51.45   17.50566
51.80   17.84914
52.15   17.79340
52.50   17.73675
52.85   18.49524
53.20   17.88917
53.55   17.61909
53.90   17.34480
54.25   17.29276
54.60   16.96607
54.95   16.80224
55.30   17.28616
55.65   16.69882
56.00   16.76712
56.35   17.17788
56.70   16.69776
57.05   16.81909
57.40   16.62473
57.75   16.93961
58.10   17.22765
58.45   17.28016
58.80   17.56572
59.15   17.72312
59.50   17.26574
59.85   17.37259
60.20   17.28977
60.55   17.36787
60.90   17.57303
61.25   17.48893
61.60   17.69270
61.95   18.28136
62.30   17.72954
62.65   18.24008
63.00   18.05782
63.35   18.35666
63.70   17.70329
64.05   17.87519
64.40   17.35269
64.75   17.89637
65.10   17.64415
65.45   17.96096
65.80   18.07849
66.15   18.11414
66.50   18.04094
66.85   18.47528
67.20   17.85694
67.55   18.57054
67.90   18.36444
68.25   18.29977
68.60   18.29773
68.95   17.38987
69.30   18.03939
69.65   17.73504
70.00   17.58427
70.35   17.38270
70.70   17.10343
71.05   17.06694
71.40   17.74976
71.75   17.33903
72.10   17.73436
72.45   17.19061
72.80   17.59718
73.15   17.66844
73.50   17.72657
73.85   18.05314
74.20   17.66696
74.55   18.02887
74.90   18.22666
75.25   18.09070
75.60   18.18112
75.95   18.29993
76.30   17.85182
76.65   17.57423
77.00   17.71443
77.35   17.49105
77.70   17.40071
78.05   17.16419
78.40   17.86253
78.75   18.05240
79.10   17.77179
79.45   17.74522
79.80   17.22683
80.15   17.47047
80.50   17.66918
80.85   17.61962
81.20   17.85416
81.55   18.36040
81.90   18.23342
82.25   18.56666
82.60   17.86022
82.95   18.06429
83.30   18.13782
83.65   17.67935
84.00   17.98065
84.35   18.52328
84.70   17.93034
85.05   17.49501
85.40   18.12877
85.75   18.41366
86.10   17.96357
86.45   17.84665
86.80   18.56894
87.15   17.74267
87.50   18.60033
87.85   18.19782
88.20   18.17633
88.55   18.33289
88.90   18.38440
89.25   18.15344
89.60   18.52758
89.95   18.20183
90.30   19.34230
90.65   19.05387
91.00   19.07059
91.35   18.08312
91.70   18.90844
92.05   18.17758
92.40   18.09603
92.75   18.08255
93.10   18.36283
93.45   17.96937
93.80   18.50712
94.15   18.28047
94.50   17.94770
94.85   18.78813
95.20   18.03605
95.55   17.93187
95.90   18.05744
96.25   18.32018
96.60   17.32235
96.95   17.83215
97.30   18.35667
97.65   17.59996
98.00   17.17739
98.35   17.33229
98.70   17.49133
99.05   17.24788
99.40   17.33309
99.75   17.32611
100.10   17.93136
100.45   17.45277
100.80   16.99581
101.15   17.52943
101.50   17.35062
101.85   18.04798
102.20   17.26544
102.55   17.34194
102.90   17.73410
103.25   17.48835
103.60   16.74594
103.95   17.23821
104.30   17.44544
104.65   17.31827
105.00   17.19757
105.35   16.93407
105.70   17.08208
106.05   17.76937
106.40   17.26882
106.75   16.95998
107.10   16.96420
107.45   17.36763
107.80   17.16570
108.15   17.34770
108.50   16.94516
108.85   17.34540
109.20   17.58971
109.55   17.34688
109.90   17.13425
110.25   17.70923
110.60   17.21187
110.95   17.43017
111.30   16.86493
111.65   17.16970
112.00   16.71211
112.35   17.49665
112.70   17.12713
113.05   17.22421
113.40   16.98456
113.75   16.50427
114.10   16.53681
114.45   16.27650
114.80   16.77010
115.15   17.25864
115.50   16.93642
115.85   17.00383
116.20   16.37286
116.55   16.35511
116.90   16.77425
117.25   17.00159
117.60   16.61484
117.95   16.69895
118.30   16.79275
118.65   16.74600
119.00   16.97856
119.35   16.77696
119.70   16.87572
120.05   17.05345
120.40   17.05068
120.75   17.24400
121.10   16.94621
121.45   16.71113
121.80   16.82236
122.15   16.82187
122.50   16.72471
122.85   16.51326
123.20   16.96602
123.55   17.05626
123.90   16.92809
124.25   17.96411
124.60   17.17970
124.95   17.34065
125.30   17.32986
125.65   16.59503
126.00   17.01156
126.35   17.46221
126.70   17.51207
127.05   17.03392
127.40   16.96283
127.75   16.39287
128.10   15.93163
128.45   16.61352
128.80   16.83846
129.15   16.79339
129.50   17.32640
129.85   16.76170
130.20   16.73227
130.55   16.96500
130.90   16.54520
131.25   17.05786
131.60   16.97165
131.95   16.80116
132.30   17.18247
132.65   17.33814
133.00   16.92480
133.35   16.76103
133.70   17.15645
134.05   17.06427
134.40   16.60022
134.75   16.51173
135.10   16.78727
135.45   16.66610
135.80   17.19667
136.15   16.57822
136.50   16.51554
136.85   16.62135
137.20   16.27858
137.55   17.01303
137.90   17.14847
138.25   16.92616
138.60   16.63481
138.95   16.98557
139.30   16.73842
139.65   17.00291
140.00   17.40209
140.35   17.14986
140.70   16.84483
141.05   17.06960
141.40   16.46378
141.75   16.96016
142.10   16.98522
142.45   16.86400
142.80   16.71372
143.15   16.41153
143.50   16.91690
143.85   16.49376
144.20   17.03456
144.55   16.04804
144.90   15.84021
145.25   15.91159
145.60   16.56624
145.95   16.62354
146.30   15.93097
146.65   16.16014
147.00   16.30130
147.35   16.03517
147.70   16.87969
148.05   16.58953
148.40   16.25711
148.75   16.41216
149.10   16.47834
149.45   16.39682
149.80   16.93927
150.15   16.10868
150.50   16.44478
150.85   16.38369
151.20   16.95054
151.55   16.51229
151.90   16.38937
152.25   16.66449
152.60   16.53330
152.95   16.58479
153.30   16.62748
153.65   16.63863
154.00   16.57944
154.35   16.74145
154.70   17.35298
155.05   16.16306
155.40   15.98618
155.75   16.57290
156.10   16.06314
156.45   16.36917
156.80   16.23615
157.15   15.95279
157.50   16.59178
157.85   16.12611
158.20   16.73138
158.55   16.23642
158.90   16.38088
159.25   15.98483
159.60   17.28325
159.95   16.81904
160.30   16.22374
160.65   15.88276
161.00   16.37588
161.35   16.65251
161.70   16.65172
162.05   16.97416
162.40   16.54962
162.75   16.64103
163.10   16.29211
163.45   16.15511
163.80   16.59341
164.15   16.53131
164.50   16.43939
164.85   16.21772
165.20   16.38003
165.55   16.47659
165.90   16.54526
166.25   16.70799
166.60   16.56997
166.95   16.70418
167.30   16.63505
167.65   16.51170
168.00   16.43972
168.35   16.54402
168.70   16.47221
169.05   16.35767
169.40   16.46949
169.75   17.02581
170.10   16.51626
170.45   16.41896
170.80   16.77632
171.15   16.65569
171.50   16.93963
171.85   16.56759
172.20   16.56944
172.55   16.13346
172.90   16.39006
173.25   16.38065
173.60   16.63115
173.95   16.72921
174.30   16.88153
174.65   16.05144
175.00   16.11226
175.35   16.45029
175.70   16.27284
176.05   16.43806
176.40   16.05649
176.75   16.74566
177.10   16.65183
177.45   16.56802
177.80   16.53982
178.15   16.62142
178.50   16.38812
178.85   16.34463
179.20   16.90870
179.55   16.25821
179.90   16.80265
180.25   16.62973
180.60   16.36600
180.95   16.64215
181.30   16.72333
181.65   16.89166
182.00   16.79888
182.35   16.02594
182.70   16.67063
183.05   16.72034
183.40   16.83371
183.75   16.30479
184.10   16.64365
184.45   16.74982
184.80   16.51268
185.15   16.34609
185.50   16.93015
185.85   17.06844
186.20   16.91068
186.55   16.48396
186.90   16.31602
187.25   16.40157
187.60   16.55382
187.95   16.33849
188.30   16.33248
188.65   16.57299
189.00   16.50927
189.35   16.32481
189.70   16.61299
190.05   16.43782
190.40   16.56467
190.75   16.28061
191.10   16.31452
191.45   15.91900
191.80   15.98413
192.15   15.94862
192.50   16.84597
192.85   15.58305
193.20   16.54899
193.55   17.08199
193.90   15.53219
194.25   15.92258
194.60   15.88245
194.95   16.40760
195.30   16.05932
195.65   16.18170
196.00   15.98469
196.35   16.54131
196.70   16.25759
197.05   16.61703
197.40   16.58457
197.75   16.16748
198.10   16.40262
198.45   16.93113
198.80   17.00794
199.15   16.96236
199.50   16.94899
199.85   16.92546
200.20   16.51211
200.55   16.90220
200.90   16.24084
201.25   16.69253
201.60   16.98250
201.95   16.75181
202.30   16.19984
202.65   16.43500
203.00   16.18089
203.35   16.82827
203.70   15.95473
204.05   16.60425
204.40   15.77375
204.75   16.25620
205.10   16.06802
205.45   16.01454
205.80   15.74565
206.15   16.00622
206.50   16.06486
206.85   15.90819
207.20   16.34554
207.55   16.05351
207.90   16.23517
208.25   15.83337
208.60   16.18653
208.95   15.64944
209.30   15.98593
209.65   16.43613
210.00   16.49910
210.35   16.80984
210.70   16.46753
211.05   16.26991
211.40   16.25245
211.75   16.75878
212.10   16.61983
212.45   16.12612
212.80   16.64733
213.15   16.44657
213.50   16.70694
213.85   17.11245
214.20   16.54699
214.55   16.60500
214.90   16.98771
215.25   16.79710
215.60   16.19086
215.95   16.83975
216.30   16.50678
216.65   17.04371
217.00   16.70482
217.35   16.28702
217.70   16.52401
218.05   16.35403
218.40   17.27043
218.75   16.92132
219.10   16.51311
219.45   16.91078
219.80   17.62473
220.15   17.78327
220.50   17.04365
220.85   17.74254
221.20   16.92389
221.55   17.19894
221.90   17.29579
222.25   16.97060
222.60   17.09420
222.95   16.90546
223.30   16.98066
223.65   16.50704
224.00   16.59528
224.35   16.80891
224.70   16.49069
225.05   16.28669
225.40   16.61669
225.75   16.80278
226.10   17.14988
226.45   16.94262
226.80   16.04572
227.15   17.07832
227.50   16.48881
227.85   16.31258
228.20   16.64512
228.55   16.90695
228.90   16.60332
229.25   17.08748
229.60   17.37762
229.95   16.79607
230.30   17.61608
230.65   16.95808
231.00   17.64120
231.35   16.59105
231.70   16.88112
232.05   17.38375
232.40   17.30637
232.75   17.09029
233.10   17.24868
233.45   17.21991
233.80   17.08917
234.15   16.90089
234.50   17.37334
234.85   17.18010
235.20   16.44460
235.55   17.18563
235.90   17.10047
236.25   16.46171
236.60   17.29013
236.95   16.96168
237.30   16.81999
237.65   17.50558
238.00   17.24053
238.35   16.93974
238.70   17.29884
239.05   17.75857
239.40   17.19202
239.75   16.70924
240.10   16.94042
240.45   17.07887
240.80   16.20979
241.15   16.56881
241.50   16.55264
241.85   16.51899
242.20   16.37672
242.55   16.76705
242.90   17.01855
243.25   17.00015
243.60   16.83377
243.95   16.52769
244.30   16.80171
244.65   16.72902
245.00   16.31701
245.35   16.32485
245.70   16.94556
246.05   17.28697
246.40   17.06947
246.75   16.34307
247.10   17.04996
247.45   16.82542
247.80   16.56453
248.15   17.01757
248.50   17.22672
248.85   16.43070
249.20   16.63932
249.55   17.07022
249.90   16.95023
