# center-of-geometry distance [nm] vs time [ns]
 0.00   18.49366
 0.35   18.60851
 0.70   17.90113
 1.05   18.28643
 1.40   18.94736
 1.75   18.38110
 2.10   18.69239
 2.45   18.65877
 2.80   18.46538
 3.15   18.95320
 3.50   18.52845
 3.85   18.56365
 4.20   18.61276
 4.55   18.03663
 4.90   17.88483
 5.25   18.58107
 5.60   18.61779
 5.95   18.51572
 6.30   18.15340
 6.65   17.73033
 7.00   17.94904
 7.35   18.13501
 7.70   18.22830
 8.05   18.30364
 8.40   18.57312
 8.75   18.35443
 9.10   18.15401
 9.45   18.18607
 9.80   18.27550
10.15   18.66627
10.50   18.91250
10.85   18.82044
11.20   18.34800
11.55   19.06965
11.90   19.48652
12.25   18.90794
12.60   18.84372
12.95   18.51206
13.30   19.10083
13.65   19.12651
14.00   18.14298
14.35   18.83102
14.70   19.22141
15.05   18.45459
15.40   18.54506
15.75   18.67930
16.10   18.53515
16.45   18.74491
16.80   18.29248
17.15   18.76170
17.50   18.97715
17.85   18.87693
18.20   18.74569
18.55   18.52189
18.90   18.88005
19.25   19.19672
19.60   19.02245
19.95   19.30821
20.30   18.32012
20.65   18.44318
21.00   18.58489
21.35   18.81737
21.70   17.96209
22.05   18.59494
22.40   18.62251
22.75   18.41370
23.10   18.55650
23.45   18.53089
23.80   18.29421
24.15   17.87547
24.50   18.10777
24.85   18.57553
25.20   18.30293
25.55   18.68672
25.90   18.96748
26.25   19.06186
26.60   18.91174
26.95   18.58857
27.30   18.79965
27.65   18.74143
28.00   18.55420
28.35   18.29314
28.70   18.04888
29.05   18.29799
29.40   18.07552
29.75   18.03026
30.10   18.16805
30.45   18.06376
30.80   19.06422
31.15   18.38306
31.50   18.26866
31.85   17.88389
32.20   18.46167
32.55   18.44489
32.90   17.98650
33.25   17.93703
33.60   18.58028
33.95   18.15730
34.30   18.08669
34.65   18.42250
35.00   18.39886
35.35   18.53138
35.70   18.88244
36.05   18.70206
36.40   18.45514
36.75   18.48537
37.10   18.23455
37.45   19.09343
37.80   18.25938
38.15   18.50718
38.50   18.35353
38.85   18.21891
39.20   17.89055
39.55   17.91692
39.90   18.11664
40.25   17.73618
40.60   18.11731
40.95   17.77277
41.30   18.08240
41.65   17.62362
42.00   17.63032
42.35   17.90366
42.70   17.60189
43.05   17.90308
43.40   18.04842
43.75   17.57447
44.10   18.17963
44.45   17.98445
44.80   17.83521
45.15   17.31082
45.50   17.77208
45.85   17.96873
46.20   17.81152
46.55   18.25102
46.90   18.15689
47.25   18.50427
47.60   18.19298
47.95   18.69173
48.30   18.79927
48.65   18.39236
49.00   18.36830
49.35   18.43705
49.70   18.59284
50.05   18.26182
50.40   18.17274
50.75   17.55132
51.10   17.99287
51.45   17.82157
51.80   18.54596
52.15   18.35534
52.50   18.15351
52.85   18.06228
53.20   18.11898
53.55   18.13334
53.90   18.50710
54.25   17.86430
54.60   18.33738
54.95   18.48204
55.30   18.20114
55.65   17.32373
56.00   17.47277
56.35   18.02547
56.70   17.80387
57.05   18.18452
57.40   18.50368
57.75   17.98008
58.10   17.52402
58.45   17.45181
58.80   18.19967
59.15   18.01658
59.50   17.91109
59.85   18.14182
60.20   17.93414
60.55   17.69781
60.90   17.62924
61.25   18.22337
61.60   18.33006
61.95   18.10953
62.30   18.12377
62.65   18.24327
63.00   18.28639
63.35   18.33893
63.70   18.80824
64.05   18.32026
64.40   18.73475
64.75   18.03957
65.10   17.73915
65.45   18.21026
65.80   17.59581
66.15   18.07341
66.50   18.33041
66.85   18.43644
67.20   18.42902
67.55   17.33540
67.90   18.11690
68.25   18.37712
68.60   17.32513
68.95   17.88581
69.30   18.39789
69.65   18.06204
70.00   17.33505
70.35   17.64138
70.70   17.48551
71.05   18.58714
71.40   17.91443
71.75   17.52255
72.10   17.33052
72.45   17.30069
72.80   17.42886
73.15   17.46656
73.50   17.74077
73.85   17.48961
74.20   17.61907
74.55   17.25074
74.90   18.04399
75.25   17.65431
75.60   17.55247
75.95   18.23888
76.30   18.17885
76.65   18.15879
77.00   17.76018
77.35   17.92656
77.70   17.64991
78.05   18.26602
78.40   17.49188
78.75   17.77662
79.10   17.92826
79.45   18.22440
79.80   17.68374
80.15   18.05589
80.50   18.41460
80.85   17.56196
81.20   17.93231
81.55   17.74599
81.90   18.07606
82.25   17.56653
82.60   18.10979
82.95   17.91461
83.30   18.14278
83.65   17.99265
84.00   17.75494
84.35   18.11808
84.70   17.85288
85.05   17.70109
85.40   17.47147
85.75   17.79557
86.10   18.24029
86.45   17.07446
86.80   17.96217
87.15   17.07909
87.50   16.94406
87.85   17.39374
88.20   17.25674
88.55   17.43223
88.90   17.29705
89.25   17.55944
89.60   17.79501
89.95   17.46693
90.30   17.66623
90.65   17.46101
91.00   17.05248
91.35   16.90663
91.70   17.35346
92.05   17.11466
92.40   17.36956
92.75   17.58108
93.10   17.04442
93.45   17.90636
93.80   17.36594
94.15   16.84271
94.50   17.32078
94.85   17.21529
95.20   17.39115
95.55   16.77158
95.90   17.03766
96.25   16.89329
96.60   16.15927
96.95   17.17798
97.30   16.27514
97.65   17.60414
98.00   17.19454
98.35   16.90756
98.70   17.41334
99.05   17.20304
99.40   17.71433
99.75   17.02859
100.10   17.63192
100.45   17.65303
100.80   18.05193
101.15   18.00178
101.50   17.64293
101.85   17.69461
102.20   17.67210
102.55   17.49970
102.90   18.17663
103.25   17.82524
103.60   18.17847
103.95   17.38063
104.30   17.26276
104.65   17.29648
105.00   17.34154
105.35   17.43565
105.70   17.97614
106.05   17.19376
106.40   17.72222
106.75   17.92925
107.10   18.01650
107.45   18.02221
107.80   17.69952
108.15   17.94171
108.50   17.31067
108.85   17.50258
109.20   17.52625
109.55   17.43927
109.90   17.40787
110.25   17.46104
110.60   17.28473
110.95   18.16566
111.30   17.35012
111.65   17.59535
112.00   18.36164
112.35   17.88804
112.70   17.07212
113.05   16.77304
113.40   18.04623
113.75   17.90293
114.10   18.22803
114.45   17.90954
114.80   17.45569
115.15   17.43963
115.50   17.76248
115.85   17.81241
116.20   17.75015
116.55   17.53968
116.90   17.49108
117.25   17.48969
117.60   17.85426
117.95   17.14470
118.30   17.04472
118.65   17.44083
119.00   17.82141
119.35   18.81662
119.70   17.52366
120.05   17.79787
120.40   17.65747
120.75   17.58516
121.10   17.21225
121.45   17.88981
121.80   17.83425
122.15   17.79098
122.50   17.93215
122.85   17.66849
123.20   17.72952
123.55   17.40943
123.90   17.65292
124.25   18.37415
124.60   18.25854
124.95   18.51949
125.30   18.49408
125.65   18.18221
126.00   18.42600
126.35   18.18247
126.70   18.84114
127.05   18.73921
127.40   18.26941
127.75   17.86520
128.10   18.45253
128.45   18.15354
128.80   18.40646
129.15   18.47544
129.50   18.10316
129.85   17.88991
130.20   18.15413
130.55   18.42157
130.90   18.03915
131.25   18.16026
131.60   17.79144
131.95   17.98918
132.30   18.49512
132.65   18.00781
133.00   17.97842
133.35   18.28951
133.70   17.10764
134.05   18.55149
134.40   17.90203
134.75   18.20750
135.10   18.29683
135.45   18.49176
135.80   18.23999
136.15   18.26563
136.50   18.11429
136.85   17.95708
137.20   18.01969
137.55   18.23164
137.90   17.37193
138.25   17.97177
138.60   17.79779
138.95   17.81142
139.30   17.83495
139.65   17.23302
140.00   18.03583
140.35   17.45381
140.70   17.84618
141.05   17.50054
141.40   17.65113
141.75   17.78772
142.10   17.24742
142.45   17.40001
142.80   17.83864
143.15   17.27151
143.50   17.03539
143.85   17.09398
144.20   17.45542
144.55   17.44769
144.90   17.75856
145.25   17.56466
145.60   17.57999
145.95   18.05794
146.30   17.65401
146.65   18.02166
147.00   17.83615
147.35   17.55401
147.70   17.58799
148.05   18.18214
148.40   17.60279
148.75   18.31698
149.10   18.10348
149.45   17.69953
149.80   17.37170
150.15   17.98583
150.50   17.71021
150.85   18.10931
151.20   17.58042
151.55   17.45426
151.90   17.53187
152.25   17.57611
152.60   17.36681
152.95   18.13776
153.30   17.60943
153.65   17.77904
154.00   17.72111
154.35   17.55886
154.70   18.72421
155.05   18.18081
155.40   18.31270
155.75   17.87556
156.10   17.78123
156.45   18.24625
156.80   18.26211
157.15   18.14300
157.50   17.70056
157.85   17.59038
158.20   18.43596
158.55   18.24434
158.90   18.22617
159.25   18.01876
159.60   18.31272
159.95   18.16628
160.30   17.85935
160.65   17.77076
161.00   17.65207
161.35   17.92052
161.70   17.45679
162.05   18.15754
162.40   18.20359
162.75   18.47044
163.10   18.15234
163.45   18.38477
163.80   18.19879
164.15   18.03427
164.50   17.29558
164.85   17.72785
165.20   17.92558
165.55   17.44448
165.90   17.64580
166.25   18.15382
166.60   18.58438
166.95   18.16717
167.30   17.70455
167.65   17.49134
168.00   17.93812
168.35   18.03660
168.70   18.00110
169.05   17.47276
169.40   17.78209
169.75   18.09735
170.10   17.94911
170.45   17.52464
170.80   18.23168
171.15   18.60330
171.50   18.44859
171.85   18.17011
172.20   18.35291
172.55   17.85664
172.90   18.07642
173.25   18.34126
173.60   17.99337
173.95   17.88465
174.30   18.45318
174.65   17.11117
175.00   17.15793
175.35   17.06313
175.70   17.50857
176.05   17.97425
176.40   17.84726
176.75   17.72545
177.10   18.10128
177.45   18.12192
177.80   17.37248
178.15   17.51996
178.50   17.38859
178.85   18.24418
179.20   18.37048
179.55   17.50562
179.90   18.07187
180.25   18.07526
180.60   17.74094
180.95   17.94136
181.30   17.38086
181.65   17.77319
182.00   17.04764
182.35   16.79418
182.70   17.54839
183.05   17.50061
183.40   16.75777
183.75   16.86360
184.10   17.45963
184.45   17.41149
184.80   17.49734
185.15   17.18585
185.50   17.87087
185.85   16.91609
186.20   17.91513
186.55   17.62245
186.90   17.59921
187.25   17.32492
187.60   17.73067
187.95   17.59627
188.30   18.56831
188.65   17.75499
189.00   17.81770
189.35   17.81442
189.70   17.40962
190.05   18.18596
190.40   17.35757
190.75   17.60407
191.10   17.54481
191.45   16.96594
191.80   17.25038
192.15   18.02280
192.50   17.47219
192.85   17.05570
193.20   17.49781
193.55   17.68016
193.90   17.35671
194.25   17.52934
194.60   18.30007
194.95   17.26635
195.30   18.12996
195.65   17.83259
196.00   17.80220
196.35   17.87577
196.70   18.37752
197.05   17.69937
197.40   17.51752
197.75   17.71265
198.10   17.32782
198.45   17.17426
198.80   18.09345
199.15   17.58683
199.50   17.35519
199.85   17.79844
200.20   18.07767
200.55   17.10671
200.90   17.85990
201.25   17.41513
201.60   18.26112
201.95   17.47029
202.30   17.87852
202.65   18.45755
203.00   17.56143
203.35   17.76856
203.70   17.60815
204.05   18.22335
204.40   17.91539
204.75   17.60131
205.10   17.59375
205.45   18.45560
205.80   17.45341
206.15   16.90811
206.50   17.88170
206.85   17.80883
207.20   17.62066
207.55   17.80536
207.90   17.45978
208.25   18.22705
208.60   17.76583
208.95   17.48482
209.30   17.27676
209.65   17.13826
210.00   17.39104
210.35   16.90739
210.70   16.63721
211.05   16.89446
211.40   17.13073
211.75   17.29881
212.10   17.80099
212.45   16.58287
212.80   17.16272
213.15   16.92645
213.50   17.47865
213.85   17.23819
214.20   17.24486
214.55   17.52576
214.90   17.39101
215.25   17.42485
215.60   17.12693
215.95   16.79708
216.30   17.05598
216.65   17.26801
217.00   17.04755
217.35   17.22423
217.70   17.69707
218.05   16.92584
218.40   17.09316
218.75   17.18489
219.10   17.72142
219.45   17.67410
219.80   17.10614
220.15   17.38430
220.50   17.11502
220.85   16.53674
221.20   17.12076
221.55   16.87647
221.90   16.71760
222.25   17.01041
222.60   17.05723
222.95   16.78058
223.30   16.92341
223.65   17.08745
224.00   17.21529
224.35   16.88109
224.70   17.44212
225.05   16.90123
225.40   17.23451
225.75   17.21763
226.10   17.17992
226.45   17.53460
226.80   17.63910
227.15   17.37039
227.50   17.25064
227.85   17.52353
228.20   17.54143
228.55   17.12026
228.90   17.50740
229.25   18.08641
229.60   17.73296
229.95   17.81129
230.30   17.77351
230.65   17.66857
231.00   18.21429
231.35   17.86443
231.70   17.69944
232.05   17.65272
232.40   17.36291
232.75   18.12391
233.10   17.72465
233.45   17.30238
233.80   17.99073
234.15   18.28367
234.50   18.27766
234.85   18.05063
235.20   18.16527
235.55   17.84448
235.90   17.75411
236.25   17.82646
236.60   17.66433
236.95   17.65162
237.30   17.79140
237.65   16.95504
238.00   16.70521
238.35   17.34921
238.70   17.56898
239.05   17.10614
239.40   17.32232
239.75   17.48415
240.10   17.73794
240.45   17.34478
240.80   17.80780
241.15   17.64116
241.50   17.14014
241.85   17.03403
242.20   17.33831
242.55   17.60636
242.90   18.29400
243.25   17.05136
243.60   17.56675
243.95   17.65548
244.30   17.46358
244.65   17.63167
245.00   17.28996
245.35   17.06080
245.70   17.83924
246.05   17.60127
246.40   17.00427
246.75   17.54353
247.10   17.47071
247.45   17.93546
247.80   18.32798
248.15   18.00266
248.50   18.21704
248.85   17.52956
249.20   18.03623
249.55   17.88110
249.90   18.08754
