# center-of-geometry distance [nm] vs time [ns]
 0.00   18.64869
 0.35   19.27970
 0.70   19.26331
 1.05   19.28537
 1.40   19.09078
 1.75   18.99331
 2.10   18.69458
 2.45   19.05059
 2.80   19.17464
 3.15   19.14437
 3.50   19.10345
 3.85   18.74266
 4.20   18.58032
 4.55   18.58865
 4.90   18.75049
 5.25   18.78274
 5.60   18.18033
 5.95   18.58364
 6.30   18.60073
 6.65   18.64709
 7.00   18.63872
 7.35   18.91195
 7.70   18.51557
 8.05   18.76580
 8.40   18.71981
 8.75   18.88892
 9.10   18.86859
 9.45   18.68128
 9.80   18.51372
10.15   18.81200
10.50   18.44960
10.85   18.21417
11.20   18.36437
11.55   18.52083
11.90   18.40683
12.25   18.51522
12.60   19.00584
12.95   18.68663
13.30   18.97925
13.65   18.18382
14.00   18.48925
14.35   18.70666
14.70   19.44887
15.05   19.13731
15.40   19.34538
15.75   19.18927
16.10   19.21376
16.45   19.48365
16.80   19.74412
17.15   18.95485
17.50   19.64865
17.85   19.86579
18.20   19.86794
18.55   19.61850
18.90   19.52450
19.25   19.76082
19.60   19.41210
19.95   19.71784
20.30   19.12417
20.65   19.74193
21.00   19.74849
21.35   19.17665
21.70   19.87201
22.05   19.81551
22.40   19.43396
22.75   19.70871
23.10   19.46722
23.45   19.93516
23.80   19.23994
24.15   19.31768
24.50   19.00695
24.85   19.46667
25.20   19.82602
25.55   19.56787
25.90   19.77691
26.25   18.91908
26.60   19.61203
26.95   19.25020
27.30   19.68506
27.65   19.21601
28.00   19.31506
28.35   19.50530
28.70   19.21754
29.05   19.61915
29.40   19.99229
29.75   19.21835
30.10   19.98900
30.45   19.27020
30.80   19.54842
31.15   19.03222
31.50   19.23649
31.85   19.07728
32.20   18.73876
32.55   18.74235
32.90   19.62134
33.25   18.98291
33.60   18.89938
33.95   19.53831
34.30   19.59877
34.65   20.15975
35.00   19.80795
35.35   19.03356
35.70   19.35478
36.05   19.83279
36.40   19.14119
36.75   19.61720
37.10   19.34933
37.45   19.51227
37.80   19.19645
38.15   19.44573
38.50   18.92473
38.85   19.08871
39.20   18.72661
39.55   19.67792
39.90   19.66217
40.25   19.50445
40.60   19.29601
40.95   18.66663
41.30   19.05065
41.65   19.21897
42.00   19.24120
42.35   19.60102
42.70   19.15986
43.05   19.16745
43.40   19.24690
43.75   19.17319
44.10   19.10110
44.45   19.29839
44.80   19.00994
45.15   19.62246
45.50   19.14810
45.85   19.16337
46.20   19.06439
46.55   18.81679
46.90   19.07082
47.25   19.14598
47.60   19.24910
47.95   19.27351
48.30   19.28978
48.65   18.88900
49.00   19.11276
49.35   18.99626
49.70   18.69357
50.05   18.96770
50.40   19.32384
50.75   18.62782
51.10   19.10517
51.45   19.02425
51.80   18.75620
52.15   19.26943
52.50   18.76489
52.85   18.93108
53.20   19.20160
53.55   18.60875
53.90   18.89882
54.25   18.67218
54.60   19.09313
54.95   18.81925
55.30   19.23898
55.65   19.28666
56.00   18.58473
56.35   19.23487
56.70   19.48426
57.05   19.14008
57.40   18.45824
57.75   19.83539
58.10   19.43482
58.45   18.87216
58.80   19.52078
59.15   18.67358
59.50   19.19517
59.85   19.12823
60.20   18.89553
60.55   19.00182
60.90   19.36476
61.25   18.78318
61.60   18.69543
61.95   18.57096
62.30   18.11071
62.65   18.16753
63.00   18.77003
63.35   19.10333
63.70   18.64877
64.05   18.92931
64.40   18.54439
64.75   18.54794
65.10   18.79347
65.45   18.95225
65.80   18.24258
66.15   18.85703
66.50   18.46219
66.85   18.97604
67.20   18.48137
67.55   18.24044
67.90   18.49133
68.25   17.86117
68.60   18.53172
68.95   18.43413
69.30   18.37382
69.65   18.26980
70.00   18.05126
70.35   18.18376
70.70   18.40973
71.05   18.60243
71.40   18.36601
71.75   18.15310
72.10   17.95704
72.45   18.08880
72.80   17.97962
73.15   18.41889
73.50   18.62266
73.85   18.59312
74.20   18.22463
74.55   18.25003
74.90   18.31604
75.25   18.36021
75.60   17.60931
75.95   18.20742
76.30   18.80372
76.65   18.93509
77.00   18.69985
77.35   18.99122
77.70   18.33957
78.05   17.88630
78.40   18.46731
78.75   18.59252
79.10   18.41227
79.45   18.59459
79.80   18.58891
80.15   18.51618
80.50   19.13742
80.85   18.93704
81.20   19.02304
81.55   18.96485
81.90   18.42268
82.25   18.77651
82.60   19.06974
82.95   18.78661
83.30   18.17180
83.65   18.64799
84.00   18.56504
84.35   18.74780
84.70   18.48384
85.05   18.82078
85.40   18.52869
85.75   18.45330
86.10   18.80141
86.45   18.65942
86.80   18.37066
87.15   18.38314
87.50   18.30871
87.85   18.68441
88.20   18.46209
88.55   18.43507
88.90   17.76169
89.25   18.64550
89.60   18.40558
89.95   18.56950
90.30   18.54322
90.65   18.66479
91.00   18.75795
91.35   19.11185
91.70   18.34381
92.05   19.21062
92.40   18.82027
92.75   18.88407
93.10   18.95624
93.45   19.19506
93.80   18.83393
94.15   18.63903
94.50   18.66088
94.85   18.48511
95.20   18.91914
95.55   18.85551
95.90   18.89063
96.25   19.30934
96.60   18.26777
96.95   18.52532
97.30   18.62370
97.65   18.32681
98.00   18.93855
98.35   18.93203
98.70   18.11748
99.05   18.80557
99.40   18.47658
99.75   18.86307
100.10   18.30424
100.45   18.32456
100.80   17.79576
101.15   18.36353
101.50   18.94374
101.85   18.67311
102.20   18.78290
102.55   19.24732
102.90   18.59573
103.25   18.99945
103.60   18.49175
103.95   18.48189
104.30   18.58925
104.65   18.85395
105.00   18.40151
105.35   18.62510
105.70   18.27651
106.05   18.57987
106.40   18.74787
106.75   18.27977
107.10   18.46435
107.45   18.52358
107.80   18.58061
108.15   18.27464
108.50   17.88872
108.85   18.20696
109.20   17.87005
109.55   17.91592
109.90   18.60730
110.25   18.50752
110.60   18.45742
110.95   18.64825
111.30   18.77808
111.65   18.49399
112.00   17.93480
112.35   18.45050
112.70   18.16768
113.05   18.26493
113.40   18.09082
113.75   17.88568
114.10   18.34888
114.45   18.61501
114.80   18.57029
115.15   18.12867
115.50   18.17074
115.85   17.77062
116.20   18.31239
116.55   18.01828
116.90   17.91330
117.25   18.38278
117.60   18.25785
117.95   18.52297
118.30   18.35165
118.65   18.03663
119.00   18.21832
119.35   18.49010
119.70   18.30555
120.05   18.28251
120.40   18.53668
120.75   18.60566
121.10   18.53961
121.45   18.54864
121.80   18.57140
122.15   18.83053
122.50   18.70936
122.85   18.61661
123.20   18.58463
123.55   18.09117
123.90   18.35461
124.25   18.08082
124.60   18.40712
124.95   18.11785
125.30   18.58442
125.65   18.36194
126.00   18.76032
126.35   18.68823
126.70   18.47314
127.05   18.60876
127.40   18.37106
127.75   18.40017
128.10   17.77213
128.45   18.65432
128.80   18.27388
129.15   19.19276
129.50   18.72626
129.85   18.81442
130.20   18.83615
130.55   18.39357
130.90   18.81662
131.25   18.70040
131.60   18.11094
131.95   18.79777
132.30   18.52312
132.65   18.92711
133.00   18.61373
133.35   18.87122
133.70   19.14545
134.05   19.02653
134.40   18.67930
134.75   19.12686
135.10   18.50433
135.45   18.20158
135.80   18.07922
136.15   17.90801
136.50   18.10818
136.85   18.36038
137.20   18.29400
137.55   17.78703
137.90   17.93433
138.25   18.60251
138.60   18.47017
138.95   18.23884
139.30   17.51754
139.65   17.95773
140.00   17.93178
140.35   17.32554
140.70   18.08856
141.05   17.98274
141.40   17.72490
141.75   18.23863
142.10   17.60010
142.45   17.40665
142.80   18.25338
143.15   17.91306
143.50   17.86725
143.85   17.92637
144.20   17.94695
144.55   17.99394
144.90   17.82336
145.25   18.07108
145.60   18.24634
145.95   18.22231
146.30   18.06585
146.65   18.22964
147.00   18.14744
147.35   17.70901
147.70   17.76529
148.05   18.06213
148.40   17.63444
148.75   17.78364
149.10   17.67857
149.45   17.98612
149.80   17.51269
150.15   17.97109
150.50   17.87755
150.85   18.03299
151.20   18.12267
151.55   17.64752
151.90   18.19969
152.25   18.46615
152.60   17.88099
152.95   18.32346
153.30   18.13001
153.65   18.14949
154.00   18.03226
154.35   18.21324
154.70   18.64348
155.05   17.95969
155.40   18.06499
155.75   17.70421
156.10   17.91196
156.45   18.35401
156.80   18.42969
157.15   18.32478
157.50   17.97423
157.85   18.37460
158.20   18.15224
158.55   18.03409
158.90   18.01040
159.25   18.31095
159.60   18.60912
159.95   18.42709
160.30   18.46998
160.65   18.59620
161.00   18.36150
161.35   17.94181
161.70   18.72255
162.05   18.20767
162.40   18.53636
162.75   18.48099
163.10   18.60118
163.45   18.49727
163.80   18.26182
164.15   18.13565
164.50   18.22655
164.85   18.13577
165.20   18.49957
165.55   18.23193
165.90   18.48969
166.25   18.37784
166.60   18.62512
166.95   18.88770
167.30   18.70546
167.65   18.65435
168.00   18.24291
168.35   18.67216
168.70   18.18565
169.05   18.39117
169.40   18.69281
169.75   18.47750
170.10   18.52401
170.45   18.52472
170.80   18.88932
171.15   18.43100
171.50   19.08248
171.85   18.35558
172.20   17.81764
172.55   18.43851
172.90   17.76103
173.25   18.51307
173.60   18.88516
173.95   18.72307
174.30   18.58638
174.65   19.07728
175.00   18.95172
175.35   18.40448
175.70   18.36177
176.05   18.17386
176.40   17.96808
176.75   17.96164
177.10   18.33883
177.45   18.15830
177.80   18.48796
178.15   18.21599
178.50   18.19080
178.85   17.99714
179.20   18.53347
179.55   18.32735
179.90   17.99135
180.25   18.75246
180.60   17.73336
180.95   18.03710
181.30   18.16558
181.65   18.70770
182.00   18.75697
182.35   18.83877
182.70   18.17731
183.05   18.33409
183.40   19.21152
183.75   18.90479
184.10   18.66600
184.45   18.43349
184.80   18.38214
185.15   18.67054
185.50   18.57909
185.85   18.89333
186.20   18.82731
186.55   18.82945
186.90   18.56749
187.25   18.63868
187.60   18.85355
187.95   18.65374
188.30   18.62328
188.65   18.88577
189.00   18.88129
189.35   18.59054
189.70   18.95376
190.05   18.70981
190.40   18.78595
190.75   18.65329
191.10   18.74093
191.45   18.27437
191.80   18.79166
192.15   19.22046
192.50   18.89953
192.85   18.44231
193.20   17.97858
193.55   18.46272
193.90   19.05176
194.25   18.21796
194.60   18.49179
194.95   18.44630
195.30   17.82323
195.65   18.36348
196.00   18.34970
196.35   18.66192
196.70   18.46172
197.05   18.01170
197.40   18.70054
197.75   18.09096
198.10   18.70255
198.45   17.93241
198.80   18.60140
199.15   17.76508
199.50   17.98419
199.85   18.27123
200.20   18.57156
200.55   18.12361
200.90   18.13428
201.25   18.00048
201.60   18.11507
201.95   18.03364
202.30   18.78892
202.65   18.74169
203.00   18.48307
203.35   18.12261
203.70   18.31507
204.05   18.36822
204.40   18.89700
204.75   18.64340
205.10   18.60705
205.45   18.65437
205.80   18.65139
206.15   18.81899
206.50   18.28816
206.85   18.70116
207.20   18.76771
207.55   18.15726
207.90   18.47834
208.25   18.47561
208.60   18.15187
208.95   18.21574
209.30   18.46745
209.65   18.78014
210.00   18.42029
210.35   17.94846
210.70   18.34910
211.05   18.10027
211.40   17.79359
211.75   17.82031
212.10   18.38065
212.45   17.69844
212.80   18.18587
213.15   17.94620
213.50   17.88164
213.85   17.59197
214.20   18.12155
214.55   18.51765
214.90   17.76943
215.25   18.29070
215.60   17.73968
215.95   17.75494
216.30   18.57847
216.65   18.19105
217.00   17.88338
217.35   17.71352
217.70   17.79420
218.05   17.91896
218.40   18.02034
218.75   17.85274
219.10   18.21202
219.45   17.99025
219.80   18.05011
220.15   18.42452
220.50   18.26315
220.85   18.09984
221.20   17.47550
221.55   18.25649
221.90   18.00581
222.25   18.14699
222.60   17.90386
222.95   17.91985
223.30   17.60972
223.65   18.08511
224.00   18.17087
224.35   17.47833
224.70   18.22047
225.05   17.77653
225.40   18.22342
225.75   17.99387
226.10   17.88579
226.45   18.32404
226.80   17.74837
227.15   18.39334
227.50   17.69823
227.85   17.89914
228.20   17.54133
228.55   18.00159
228.90   18.14425
229.25   18.02645
229.60   17.48650
229.95   18.12787
230.30   18.31212
230.65   18.40238
231.00   18.03543
231.35   18.25898
231.70   17.74445
232.05   18.45548
232.40   18.35662
232.75   18.31678
233.10   17.95454
233.45   18.67946
233.80   18.55915
234.15   17.42079
234.50   18.29893
234.85   18.34598
235.20   17.53773
235.55   17.42070
235.90   18.28427
236.25   18.55179
236.60   18.31834
236.95   18.00883
237.30   18.06999
237.65   18.30200
238.00   18.21794
238.35   18.39249
238.70   17.87750
239.05   18.08958
239.40   18.01356
239.75   18.31412
240.10   17.98537
240.45   18.08193
240.80   18.43320
241.15   18.28863
241.50   17.95581
241.85   17.61664
242.20   18.09126
242.55   18.63143
242.90   18.52927
243.25   18.45988
243.60   18.30561
243.95   18.10357
244.30   18.75674
244.65   18.55084
245.00   18.97410
245.35   18.26002
245.70   18.78605
246.05   18.55450
246.40   18.58023
246.75   18.89061
247.10   18.77452
247.45   18.08221
247.80   18.66496
248.15   18.42577
248.50   18.23102
248.85   17.77937
249.20   18.34310
249.55   18.24294
249.90   18.60156
