# center-of-geometry distance [nm] vs time [ns]
 0.00   17.72278
 0.35   17.33447
 0.70   17.73200
 1.05   17.37772
 1.40   17.81879
 1.75   17.19821
 2.10   17.76516
 2.45   17.84639
 2.80   17.78241
 3.15   17.95699
 3.50   17.79356
 3.85   17.81100
 4.20   17.92969
 4.55   17.94213
 4.90   17.79116
 5.25   17.70735
 5.60   17.80043
 5.95   18.08029
 6.30   17.67913
 6.65   17.14387
 7.00   17.45126
 7.35   17.57746
 7.70   18.16609
 8.05   17.26940
 8.40   17.71743
 8.75   17.92211
 9.10   17.33101
 9.45   18.28961
 9.80   17.81827
10.15   17.63252
10.50   18.22665
10.85   17.08942
11.20   17.88653
11.55   17.98478
11.90   17.83518
12.25   17.80333
12.60   18.02595
12.95   17.72822
13.30   17.68611
13.65   17.48697
14.00   17.80675
14.35   17.53975
14.70   17.68234
15.05   17.59465
15.40   17.85199
15.75   17.47442
16.10   17.71388
16.45   17.57282
16.80   18.10763
17.15   17.94291
17.50   17.01108
17.85   17.79848
18.20   17.38783
18.55   17.61983
18.90   17.88394
19.25   17.76610
19.60   17.56606
19.95   17.94323
20.30   17.20990
20.65   17.63153
21.00   16.93870
21.35   17.51396
21.70   16.95693
22.05   17.78808
22.40   16.81279
22.75   16.39291
23.10   16.95128
23.45   16.58022
23.80   16.62500
24.15   16.99548
24.50   16.58424
24.85   17.12150
25.20   16.99830
25.55   16.61460
25.90   16.54364
26.25   16.59022
26.60   16.95305
26.95   16.89507
27.30   17.03782
27.65   17.33529
28.00   17.21730
28.35   16.69973
28.70   17.29345
29.05   16.29229
29.40   16.75283
29.75   16.44474
30.10   17.60211
30.45   17.34488
30.80   17.65890
31.15   16.95501
31.50   17.60581
31.85   17.71641
32.20   16.96947
32.55   17.82814
32.90   17.42248
33.25   16.92201
33.60   16.99517
33.95   16.84254
34.30   17.52710
34.65   17.24526
35.00   17.21420
35.35   17.32682
35.70   16.87192
36.05   17.19206
36.40   17.33331
36.75   17.52045
37.10   17.20780
37.45   17.21319
37.80   17.49312
38.15   17.08238
38.50   16.96068
38.85   17.46089
39.20   17.26347
39.55   17.75490
39.90   17.60387
40.25   17.21908
40.60   16.74100
40.95   16.70039
41.30   17.84528
41.65   17.41886
42.00   17.42523
42.35   17.31647
42.70   17.67695
43.05   17.92757
43.40   17.74100
43.75   17.67069
44.10   17.85857
44.45   17.01593
44.80   17.83309
45.15   17.28758
45.50   17.76094
45.85   17.50449
46.20   17.21781
46.55   17.33454
46.90   17.61375
47.25   17.81703
47.60   17.56025
47.95   17.07177
48.30   17.48221
48.65   17.63004
49.00   16.72877
49.35   17.37633
49.70   16.52204
50.05   17.06975
50.40   17.12114
50.75   16.75917
51.10   17.25635
51.45   16.95712
51.80   17.41549
52.15   16.96206
52.50   17.58395
52.85   17.42945
53.20   17.32399
53.55   17.43220
53.90   17.16743
54.25   17.05921
54.60   17.66586
54.95   17.15962
55.30   17.15919
55.65   17.25964
56.00   17.63794
56.35   17.19788
56.70   17.56562
57.05   17.01909
57.40   17.24707
57.75   17.18038
58.10   17.39008
58.45   16.96388
58.80   16.80541
59.15   16.57241
59.50   16.77237
59.85   16.87646
60.20   16.73941
60.55   16.80313
60.90   17.30028
61.25   17.55044
61.60   16.97191
61.95   16.80707
62.30   16.33155
62.65   16.81364
63.00   16.59497
63.35   17.23630
63.70   17.46607
64.05   16.39742
64.40   17.34240
64.75   17.09315
65.10   17.11248
65.45   17.64244
65.80   17.85243
66.15   17.57268
66.50   17.18259
66.85   18.46178
67.20   17.21495
67.55   17.64588
67.90   18.05201
68.25   17.62660
68.60   17.99535
68.95   17.80513
69.30   18.06570
69.65   18.41680
70.00   17.94341
70.35   18.22582
70.70   17.69474
71.05   18.05267
71.40   17.96213
71.75   17.82172
72.10   18.20862
72.45   17.62119
72.80   18.55567
73.15   17.79197
73.50   17.61124
73.85   17.38950
74.20   17.77144
74.55   17.70492
74.90   17.41613
75.25   17.47119
75.60   16.98539
75.95   17.57534
76.30   17.65686
76.65   17.67767
77.00   17.20588
77.35   17.51264
77.70   17.37121
78.05   16.76975
78.40   17.11115
78.75   16.81239
79.10   17.36796
79.45   17.48922
79.80   17.32583
80.15   17.21034
80.50   17.58665
80.85   17.62646
81.20   17.67343
81.55   17.80288
81.90   17.43803
82.25   17.61643
82.60   17.21849
82.95   17.30462
83.30   17.41715
83.65   17.99577
84.00   17.31492
84.35   17.59454
84.70   17.69360
85.05   17.60523
85.40   17.40150
85.75   17.44414
86.10   17.68144
86.45   17.41110
86.80   17.31176
87.15   16.85631
87.50   17.10166
87.85   17.34112
88.20   17.45854
88.55   17.74002
88.90   17.71877
89.25   17.66387
89.60   17.27423
89.95   17.62012
90.30   16.85707
90.65   17.61525
91.00   16.91805
91.35   17.12597
91.70   17.27592
92.05   17.24474
92.40   17.12323
92.75   17.36494
93.10   17.12515
93.45   17.24427
93.80   17.23047
94.15   17.25683
94.50   17.49867
94.85   17.19348
95.20   17.96342
95.55   18.10622
95.90   17.87694
96.25   18.05653
96.60   17.79199
96.95   17.71984
97.30   17.96366
97.65   17.45875
98.00   17.82184
98.35   17.36108
98.70   17.70847
99.05   17.57061
99.40   17.80224
99.75   17.53106
100.10   18.34691
100.45   18.11825
100.80   17.62073
101.15   18.04443
101.50   18.10167
101.85   17.85985
102.20   17.61743
102.55   17.92559
102.90   17.74401
103.25   17.90199
103.60   17.71389
103.95   18.02034
104.30   18.08130
104.65   17.65461
105.00   17.55980
105.35   17.08863
105.70   17.68553
106.05   17.16012
106.40   17.70079
106.75   17.65938
107.10   17.83081
107.45   17.65138
107.80   18.21811
108.15   18.06734
108.50   18.29920
108.85   17.90707
109.20   18.08332
109.55   17.62239
109.90   18.01563
110.25   18.19445
110.60   17.06409
110.95   18.19898
111.30   17.80250
111.65   17.77222
112.00   18.24785
112.35   17.73371
112.70   18.00220
113.05   17.31783
113.40   17.94979
113.75   17.57633
114.10   17.52254
114.45   17.69500
114.80   18.46119
115.15   17.83071
115.50   17.85577
115.85   17.19980
116.20   17.59610
116.55   17.77056
116.90   17.50232
117.25   17.59157
117.60   17.43245
117.95   17.36592
118.30   17.20696
118.65   17.17889
119.00   16.91718
119.35   17.30162
119.70   17.67224
120.05   16.84317
120.40   16.50565
120.75   17.45360
121.10   17.36548
121.45   17.25836
121.80   17.23417
122.15   18.16838
122.50   17.71726
122.85   17.48609
123.20   17.42792
123.55   18.16548
123.90   17.39672
124.25   17.54460
124.60   17.45988
124.95   17.03215
125.30   17.53416
125.65   17.29382
126.00   17.15554
126.35   17.15871
126.70   17.85097
127.05   17.65992
127.40   17.02570
127.75   17.67874
128.10   17.12342
128.45   17.92652
128.80   18.03172
129.15   17.02621
129.50   17.33951
129.85   17.24251
130.20   17.40712
130.55   18.03901
130.90   17.10084
131.25   17.43290
131.60   17.42846
131.95   17.42609
132.30   16.34888
132.65   17.74602
133.00   17.32001
133.35   17.01907
133.70   16.96237
134.05   17.45097
134.40   16.98765
134.75   17.44717
135.10   17.16835
135.45   17.21269
135.80   16.97949
136.15   17.04886
136.50   16.81428
136.85   16.87430
137.20   16.42581
137.55   16.96219
137.90   16.48163
138.25   17.51270
138.60   17.00621
138.95   17.30315
139.30   17.19241
139.65   16.88123
140.00   16.89414
140.35   16.92041
140.70   16.69049
141.05   17.11107
141.40   16.63194
141.75   16.90849
142.10   16.56674
142.45   17.60217
142.80   17.43870
143.15   17.20426
143.50   17.09483
143.85   17.42187
144.20   16.39560
144.55   17.18171
144.90   17.10243
145.25   17.22734
145.60   17.31777
145.95   17.43737
146.30   16.76541
146.65   17.49754
147.00   17.47668
147.35   17.01395
147.70   17.38221
148.05   16.81084
148.40   16.81374
148.75   16.93071
149.10   17.64031
149.45   17.31200
149.80   16.95955
150.15   17.45880
150.50   17.48833
150.85   17.32435
151.20   17.15755
151.55   17.62421
151.90   17.59489
152.25   17.27262
152.60   17.43100
152.95   17.48709
153.30   17.37773
153.65   17.60212
154.00   16.83654
154.35   17.02463
154.70   17.09022
155.05   17.21678
155.40   16.92617
155.75   16.93848
156.10   17.23389
156.45   17.13658
156.80   17.52955
157.15   17.09633
157.50   17.09524
157.85   17.94346
158.20   16.99944
158.55   17.34118
158.90   17.68752
159.25   17.30836
159.60   17.12828
159.95   17.22046
160.30   17.59232
160.65   16.97575
161.00   17.52945
161.35   16.96016
161.70   17.25390
162.05   17.17063
162.40   17.45166
162.75   17.12668
163.10   16.87105
163.45   16.95654
163.80   17.26253
164.15   16.97454
164.50   16.73849
164.85   17.10679
165.20   16.57988
165.55   16.61791
165.90   16.63139
166.25   16.80125
166.60   16.74766
166.95   17.06466
167.30   17.31052
167.65   16.86167
168.00   17.15572
168.35   16.94591
168.70   17.39067
169.05   17.30246
169.40   17.37805
169.75   17.19465
170.10   17.07638
170.45   16.78583
170.80   17.38737
171.15   16.51843
171.50   17.42658
171.85   16.96999
172.20   16.76957
172.55   17.48698
172.90   17.12329
173.25   17.02962
173.60   16.92994
173.95   17.42673
174.30   16.85899
174.65   17.33820
175.00   17.35675
175.35   17.06218
175.70   17.66572
176.05   17.46389
176.40   17.17260
176.75   16.95828
177.10   16.91286
177.45   17.13625
177.80   16.95586
178.15   16.71581
178.50   16.09287
178.85   16.90554
179.20   17.04601
179.55   17.36685
179.90   17.02629
180.25   17.08871
180.60   16.82293
180.95   17.42388
181.30   17.00990
181.65   16.94666
182.00   16.87071
182.35   16.99266
182.70   16.67916
183.05   17.00229
183.40   16.71210
183.75   17.01564
184.10   17.03494
184.45   16.81021
184.80   16.83809
185.15   16.80316
185.50   16.93833
185.85   16.89398
186.20   16.99730
186.55   17.17386
186.90   16.91002
187.25   16.99186
187.60   17.17623
187.95   16.94196
188.30   16.72402
188.65   17.08762
189.00   17.19724
189.35   16.88390
189.70   17.13587
190.05   16.57335
190.40   17.11156
190.75   17.07862
191.10   16.95488
191.45   17.05787
191.80   16.61720
192.15   16.87850
192.50   17.13955
192.85   16.92889
193.20   16.63666
193.55   17.10832
193.90   17.30744
194.25   17.05893
194.60   16.95649
194.95   16.93442
195.30   16.38757
195.65   16.95676
196.00   16.80008
196.35   17.21561
196.70   17.02054
197.05   16.88789
197.40   16.79802
197.75   17.05612
198.10   17.17128
198.45   16.90744
198.80   17.09514
199.15   16.92251
199.50   17.06694
199.85   16.88044
200.20   17.06166
200.55   16.52487
200.90   17.08072
201.25   17.54893
201.60   17.18915
201.95   17.10818
202.30   17.17107
202.65   17.20009
203.00   16.69250
203.35   17.04588
203.70   16.62152
204.05   16.80169
204.40   16.95706
204.75   16.41967
205.10   16.81020
205.45   17.21237
205.80   17.57341
206.15   17.09739
206.50   16.69161
206.85   17.05902
207.20   16.98445
207.55   17.14452
207.90   16.82188
208.25   16.51793
208.60   16.81860
208.95   16.67021
209.30   15.88240
209.65   16.48908
210.00   16.86276
210.35   16.56781
210.70   16.57100
211.05   16.66098
211.40   16.30839
211.75   16.39251
212.10   16.33890
212.45   16.75216
212.80   16.82470
213.15   16.57019
213.50   17.45100
213.85   16.89014
214.20   16.78505
214.55   16.05970
214.90   16.48550
215.25   16.56901
215.60   16.56950
215.95   16.76565
216.30   16.39198
216.65   16.66227
217.00   17.46426
217.35   17.09762
217.70   16.37044
218.05   16.65357
218.40   16.68331
218.75   16.80209
219.10   17.08970
219.45   17.36964
219.80   17.25647
220.15   16.76164
220.50   16.72987
220.85   17.24726
221.20   17.06376
221.55   17.27772
221.90   16.89992
222.25   17.01670
222.60   17.01305
222.95   17.01449
223.30   17.35114
223.65   17.25699
224.00   17.80854
224.35   16.90209
224.70   17.43119
225.05   17.03102
225.40   17.33691
225.75   17.03476
226.10   17.15029
226.45   17.31016
226.80   17.50052
227.15   16.95232
227.50   17.13045
227.85   17.29519
228.20   17.43783
228.55   16.70493
228.90   16.96907
229.25   16.54867
229.60   16.72859
229.95   16.76360
230.30   16.75097
230.65   16.41755
231.00   16.16176
231.35   16.81663
231.70   16.29179
232.05   16.40650
232.40   15.71708
232.75   16.60601
233.10   16.42290
233.45   16.52784
233.80   16.33921
234.15   16.52748
234.50   16.15421
234.85   16.21721
235.20   16.26010
235.55   16.41352
235.90   16.48385
236.25   17.09433
236.60   16.36120
236.95   17.20122
237.30   17.04549
237.65   16.77253
238.00   16.95010
238.35   17.49914
238.70   16.52877
239.05   16.80650
239.40   17.06040
239.75   16.80937
240.10   16.20303
240.45   16.32051
240.80   17.18689
241.15   16.90664
241.50   16.94568
241.85   17.08651
242.20   16.82639
242.55   17.89757
242.90   17.82801
243.25   17.56669
243.60   17.73039
243.95   17.53762
244.30   16.85764
244.65   16.88626
245.00   16.51443
245.35   16.84432
245.70   16.80804
246.05   16.71282
246.40   16.57686
246.75   16.74473
247.10   16.90984
247.45   17.14804
247.80   16.86845
248.15   16.93911
248.50   17.31708
248.85   17.27687
249.20   17.18909
249.55   17.29131
249.90   17.42484
