# center-of-geometry distance [nm] vs time [ns]
 0.00   17.91096
 0.35   18.10118
 0.70   18.18602
 1.05   17.70819
 1.40   17.43720
 1.75   17.64469
 2.10   17.51715
 2.45   17.09474
 2.80   17.01135
 3.15   16.42140
 3.50   17.39031
 3.85   17.69521
 4.20   17.32145
 4.55   17.33541
 4.90   17.33681
 5.25   17.00869
 5.60   17.08913
 5.95   17.15193
 6.30   17.13024
 6.65   17.27093
 7.00   17.94308
 7.35   17.86285
 7.70   17.23678
 8.05   17.73424
 8.40   17.99788
 8.75   17.54361
 9.10   17.52717
 9.45   17.36002
 9.80   17.63177
10.15   17.59785
10.50   17.57984
10.85   18.20439
11.20   17.86235
11.55   17.36702
11.90   17.92611
12.25   17.94823
12.60   17.45539
12.95   17.67414
13.30   17.81354
13.65   17.48785
14.00   17.51626
14.35   17.94974
14.70   17.77590
15.05   17.46977
15.40   17.96806
15.75   17.83091
16.10   17.63184
16.45   17.50913
16.80   18.07576
17.15   17.77092
17.50   17.78177
17.85   17.77097
18.20   18.09247
18.55   17.74619
18.90   18.11030
19.25   17.58007
19.60   17.62270
19.95   18.36045
20.30   18.16907
20.65   18.33302
21.00   18.69793
21.35   17.98143
21.70   17.25095
22.05   18.03845
22.40   18.08467
22.75   18.21971
23.10   17.12477
23.45   17.82870
23.80   17.57433
24.15   17.64133
24.50   17.63916
24.85   17.78672
25.20   17.88135
25.55   17.72043
25.90   18.01850
26.25   17.77091
26.60   17.71496
26.95   16.91810
27.30   17.98884
27.65   17.86681
28.00   17.53766
28.35   17.58096
28.70   17.47252
29.05   17.22614
29.40   17.15818
29.75   17.60146
30.10   17.69354
30.45   17.34187
30.80   17.56963
31.15   17.74962
31.50   17.42281
31.85   17.75852
32.20   17.78562
32.55   17.42434
32.90   17.23237
33.25   17.17762
33.60   17.59094
33.95   17.61672
34.30   17.33323
34.65   17.20250
35.00   16.66420
35.35   17.40999
35.70   17.23928
36.05   17.06942
36.40   17.39378
36.75   17.78827
37.10   17.46297
37.45   17.29119
37.80   17.62592
38.15   17.07678
38.50   17.97013
38.85   18.31306
39.20   17.74860
39.55   18.00485
39.90   17.79075
40.25   18.77664
40.60   17.62545
40.95   16.68000
41.30   17.62323
41.65   17.73534
42.00   17.32417
42.35   17.02804
42.70   17.64524
43.05   17.58856
43.40   17.37015
43.75   16.72740
44.10   17.45602
44.45   16.55795
44.80   17.51108
45.15   17.67345
45.50   16.95585
45.85   17.75345
46.20   16.92797
46.55   17.45106
46.90   17.88528
47.25   18.35759
47.60   17.46053
47.95   17.42384
48.30   17.34036
48.65   17.05101
49.00   17.87290
49.35   17.86354
49.70   17.37516
50.05   17.71883
50.40   17.43587
50.75   17.46433
51.10   16.76705
51.45   17.25028
51.80   17.27530
52.15   17.59486
52.50   17.99973
52.85   17.25121
53.20   17.12452
53.55   16.96425
53.90   17.01506
54.25   17.06838
54.60   17.31436
54.95   17.31320
55.30   17.04794
55.65   17.04126
56.00   17.70751
56.35   17.55206
56.70   17.63930
57.05   17.59727
57.40   16.67985
57.75   17.36255
58.10   16.89120
58.45   17.22423
58.80   17.64471
59.15   17.56888
59.50   17.58215
59.85   18.01529
60.20   18.02032
60.55   17.59227
60.90   17.43090
61.25   18.00388
61.60   17.73931
61.95   17.91216
62.30   17.64710
62.65   17.49640
63.00   17.66416
63.35   18.05252
63.70   18.02477
64.05   17.98315
64.40   17.68174
64.75   18.20650
65.10   18.10485
65.45   18.22521
65.80   17.69577
66.15   17.70205
66.50   17.66826
66.85   17.43045
67.20   17.66629
67.55   17.50946
67.90   17.12659
68.25   17.26993
68.60   16.88429
68.95   17.51170
69.30   17.45607
69.65   17.78645
70.00   17.33391
70.35   17.22692
70.70   17.70391
71.05   17.28420
71.40   17.64947
71.75   17.71725
72.10   17.75646
72.45   18.11584
72.80   17.19252
73.15   16.98055
73.50   17.82593
73.85   18.04392
74.20   17.66112
74.55   17.90547
74.90   17.32217
75.25   17.70879
75.60   17.47320
75.95   17.51423
76.30   17.34030
76.65   17.36990
77.00   17.28513
77.35   17.42189
77.70   17.81236
78.05   17.93375
78.40   18.05117
78.75   17.20633
79.10   17.63851
79.45   17.97489
79.80   17.78911
80.15   18.15818
80.50   17.56952
80.85   17.73985
81.20   17.88831
81.55   17.36890
81.90   17.70067
82.25   17.51882
82.60   17.47536
82.95   17.47410
83.30   18.24951
83.65   17.64441
84.00   17.77567
84.35   17.75610
84.70   17.98861
85.05   17.09810
85.40   17.55738
85.75   17.73313
86.10   17.29455
86.45   17.56492
86.80   17.69153
87.15   17.60113
87.50   18.28697
87.85   17.52575
88.20   17.42880
88.55   17.56764
88.90   17.57875
89.25   17.48219
89.60   17.38718
89.95   17.57222
90.30   17.19271
90.65   17.95549
91.00   17.38285
91.35   17.37942
91.70   17.32321
92.05   16.83310
92.40   17.55633
92.75   17.73419
93.10   17.24945
93.45   17.76156
93.80   17.05247
94.15   17.32887
94.50   17.50897
94.85   17.58176
95.20   17.10318
95.55   16.90611
95.90   17.23980
96.25   16.72958
96.60   16.99632
96.95   17.55036
97.30   16.92935
97.65   16.98901
98.00   16.67992
98.35   17.43868
98.70   17.04299
99.05   17.60581
99.40   17.45712
99.75   17.40151
100.10   17.53326
100.45   17.17322
100.80   17.53667
101.15   17.70667
101.50   17.08270
101.85   17.20845
102.20   16.65460
102.55   17.53246
102.90   17.35333
103.25   17.55185
103.60   17.90360
103.95   17.74285
104.30   17.78305
104.65   17.44018
105.00   17.69141
105.35   17.23892
105.70   17.47059
106.05   17.50811
106.40   17.01176
106.75   17.45905
107.10   17.63824
107.45   17.42099
107.80   17.18179
108.15   17.30736
108.50   17.01319
108.85   16.85945
109.20   16.84066
109.55   16.89263
109.90   17.15960
110.25   16.72456
110.60   16.85498
110.95   17.28789
111.30   16.46012
111.65   16.85397
112.00   16.74509
112.35   17.01698
112.70   16.98666
113.05   17.48341
113.40   17.57682
113.75   17.34803
114.10   17.10612
114.45   17.12894
114.80   17.38380
115.15   17.63702
115.50   17.57999
115.85   17.22120
116.20   16.67602
116.55   16.81766
116.90   17.01567
117.25   17.56855
117.60   17.76798
117.95   17.91744
118.30   17.42493
118.65   17.38602
119.00   17.28235
119.35   17.73233
119.70   17.77299
120.05   17.27100
120.40   17.06399
120.75   18.02588
121.10   17.66109
121.45   18.03794
121.80   18.09339
122.15   17.50322
122.50   16.79938
122.85   17.63155
123.20   16.82555
123.55   17.20703
123.90   17.03729
124.25   17.79077
124.60   16.60180
124.95   17.02347
125.30   17.60840
125.65   16.95521
126.00   17.22272
126.35   17.21250
126.70   17.41614
127.05   16.66801
127.40   17.21035
127.75   16.63366
128.10   16.75708
128.45   16.53649
128.80   16.69809
129.15   16.70905
129.50   16.73619
129.85   16.85386
130.20   16.81924
130.55   17.20004
130.90   17.27034
131.25   16.70186
131.60   16.71252
131.95   17.07804
132.30   17.44365
132.65   17.36781
133.00   17.12844
133.35   16.92577
133.70   16.86062
134.05   17.10661
134.40   17.52639
134.75   17.15921
135.10   17.37439
135.45   17.42646
135.80   16.85849
136.15   17.43047
136.50   17.08724
136.85   16.97419
137.20   17.13293
137.55   16.96646
137.90   16.93470
138.25   16.81854
138.60   16.37689
138.95   16.79051
139.30   17.02149
139.65   17.50388
140.00   17.09329
140.35   17.08647
140.70   16.90839
141.05   16.59856
141.40   17.43832
141.75   16.81056
142.10   17.35409
142.45   17.13955
142.80   16.69068
143.15   16.94158
143.50   16.65538
143.85   17.01172
144.20   16.58827
144.55   16.92873
144.90   16.74718
145.25   16.38325
145.60   16.58534
145.95   16.75198
146.30   16.63599
146.65   16.72401
147.00   16.62786
147.35   17.21216
147.70   16.56147
148.05   16.58815
148.40   16.08048
148.75   17.17671
149.10   17.21595
149.45   16.99969
149.80   16.79346
150.15   16.95160
150.50   16.59267
150.85   17.11604
151.20   17.78662
151.55   18.19259
151.90   17.59018
152.25   17.67915
152.60   17.21494
152.95   17.34426
153.30   18.07876
153.65   17.19868
154.00   17.06141
154.35   17.72010
154.70   16.71145
155.05   17.38728
155.40   16.54575
155.75   16.98954
156.10   17.27495
156.45   16.92756
156.80   17.02199
157.15   16.91806
157.50   16.74012
157.85   17.27904
158.20   17.25076
158.55   17.27224
158.90   17.24402
159.25   17.38411
159.60   17.49824
159.95   17.33508
160.30   17.49404
160.65   17.70777
161.00   17.02304
161.35   17.39608
161.70   16.78435
162.05   17.36079
162.40   17.21404
162.75   17.28748
163.10   17.25152
163.45   17.26891
163.80   17.30309
164.15   17.14509
164.50   18.04590
164.85   17.06366
165.20   17.76198
165.55   17.82328
165.90   17.49566
166.25   17.28059
166.60   16.90836
166.95   17.40533
167.30   17.43380
167.65   17.23907
168.00   17.28423
168.35   16.55471
168.70   17.43097
169.05   17.33027
169.40   17.44310
169.75   17.21669
170.10   17.33769
170.45   17.61374
170.80   17.41078
171.15   17.20669
171.50   17.29632
171.85   17.51582
172.20   17.62223
172.55   17.43995
172.90   17.28281
173.25   17.43579
173.60   16.92147
173.95   17.38761
174.30   17.74797
174.65   17.10372
175.00   17.17398
175.35   17.61824
175.70   17.74090
176.05   17.47666
176.40   17.90059
176.75   17.41020
177.10   17.63413
177.45   17.61135
177.80   17.65875
178.15   17.58083
178.50   18.23709
178.85   17.88722
179.20   17.95428
179.55   17.19502
179.90   17.57970
180.25   17.28221
180.60   17.28905
180.95   17.86506
181.30   17.52162
181.65   17.62812
182.00   17.29912
182.35   17.47269
182.70   17.55246
183.05   17.40098
183.40   17.05666
183.75   17.43881
184.10   17.26042
184.45   17.50184
184.80   17.24419
185.15   16.84052
185.50   17.54725
185.85   17.11173
186.20   17.09850
186.55   17.06072
186.90   17.22837
187.25   17.47309
187.60   16.94791
187.95   17.11468
188.30   17.12697
188.65   17.65322
189.00   17.57919
189.35   17.17980
189.70   17.12549
190.05   16.80891
190.40   16.81014
190.75   17.54259
191.10   17.10548
191.45   17.64156
191.80   17.19623
192.15   17.22929
192.50   16.94778
192.85   16.95328
193.20   17.11323
193.55   17.01492
193.90   16.76735
194.25   17.16020
194.60   16.91426
194.95   17.36726
195.30   17.61546
195.65   17.52563
196.00   17.69499
196.35   17.72219
196.70   17.47609
197.05   17.35756
197.40   17.53145
197.75   17.67467
198.10   17.31394
198.45   17.45885
198.80   17.19051
199.15   16.94098
199.50   17.89406
199.85   17.24321
200.20   17.93466
200.55   16.79533
200.90   17.11884
201.25   16.91938
201.60   17.32404
201.95   17.52788
202.30   17.80471
202.65   17.77034
203.00   16.71030
203.35   17.42246
203.70   16.87637
204.05   17.53899
204.40   17.28870
204.75   17.54581
205.10   17.51862
205.45   16.90100
205.80   17.69396
206.15   17.74938
206.50   17.26974
206.85   17.24310
207.20   17.08738
207.55   17.54733
207.90   17.43218
208.25   17.10421
208.60   17.36108
208.95   16.97313
209.30   17.48910
209.65   16.84542
210.00   17.56288
210.35   17.55586
210.70   17.03029
211.05   17.49786
211.40   17.83984
211.75   17.19960
212.10   17.06046
212.45   17.69183
212.80   17.40906
213.15   17.40452
213.50   17.59654
213.85   17.10275
214.20   17.42780
214.55   17.71879
214.90   17.37754
215.25   17.63959
215.60   17.80912
215.95   16.75959
216.30   17.18255
216.65   17.18614
217.00   17.22868
217.35   17.17216
217.70   16.65780
218.05   17.46385
218.40   17.32661
218.75   17.11463
219.10   17.09927
219.45   17.42327
219.80   17.55704
220.15   17.47491
220.50   17.96798
220.85   17.42676
221.20   17.69581
221.55   17.49656
221.90   17.17562
222.25   17.59439
222.60   17.33831
222.95   17.36409
223.30   17.61846
223.65   17.68245
224.00   17.57745
224.35   17.57749
224.70   17.88136
225.05   17.27299
225.40   17.32295
225.75   17.30216
226.10   17.42200
226.45   17.20328
226.80   17.56110
227.15   17.58336
227.50   17.28918
227.85   17.68510
228.20   17.48202
228.55   18.04475
228.90   17.58682
229.25   17.55119
229.60   17.02919
229.95   18.23811
230.30   17.34823
230.65   17.44532
231.00   17.54506
231.35   17.88230
231.70   17.16304
232.05   17.37992
232.40   17.67115
232.75   17.54656
233.10   17.46254
233.45   17.39171
233.80   17.53813
234.15   17.55563
234.50   17.71652
234.85   17.79587
235.20   17.65181
235.55   17.50602
235.90   17.93454
236.25   17.74312
236.60   17.18647
236.95   17.62493
237.30   17.32278
237.65   17.64172
238.00   17.57389
238.35   17.63887
238.70   17.26334
239.05   17.34194
239.40   17.27910
239.75   17.74350
240.10   16.96547
240.45   17.13387
240.80   17.61464
241.15   17.71820
241.50   17.69244
241.85   16.83560
242.20   16.92418
242.55   17.34418
242.90   17.38610
243.25   17.85652
243.60   17.17190
243.95   17.67774
244.30   17.60332
244.65   17.88017
245.00   17.66053
245.35   17.69764
245.70   16.97026
246.05   17.74816
246.40   17.40192
246.75   17.68882
247.10   17.49144
247.45   17.47761
247.80   17.66820
248.15   18.36113
248.50   17.51249
248.85   17.88344
249.20   17.55469
249.55   17.65635
249.90   17.88612
