# center-of-geometry distance [nm] vs time [ns]
 0.00   18.20113
 0.35   18.36157
 0.70   18.38856
 1.05   18.29332
 1.40   18.21153
 1.75   18.75244
 2.10   18.02413
 2.45   18.64320
 2.80   17.73410
 3.15   18.24620
 3.50   18.57615
 3.85   18.00510
 4.20   18.48896
 4.55   18.54568
 4.90   17.66922
 5.25   17.72082
 5.60   18.43233
 5.95   17.68168
 6.30   18.20041
 6.65   18.12567
 7.00   17.73318
 7.35   17.63281
 7.70   17.86046
 8.05   18.15512
 8.40   17.34330
 8.75   17.58254
 9.10   17.36491
 9.45   18.31779
 9.80   17.99365
10.15   17.34472
10.50   18.05780
10.85   17.80037
11.20   17.57929
11.55   18.35078
11.90   18.43013
12.25   18.15945
12.60   18.12690
12.95   17.95832
13.30   18.12150
13.65   18.00599
14.00   18.12976
14.35   18.06023
14.70   17.92936
15.05   17.94426
15.40   18.23511
15.75   18.29552
16.10   17.95264
16.45   18.19747
16.80   18.60013
17.15   18.15450
17.50   18.18796
17.85   17.83520
18.20   18.92949
18.55   18.21967
18.90   19.30930
19.25   18.63317
19.60   18.74668
19.95   18.43096
20.30   18.31327
20.65   18.03125
21.00   18.64616
21.35   18.73659
21.70   18.56188
22.05   18.63738
22.40   18.51661
22.75   18.44094
23.10   18.60871
23.45   18.28368
23.80   17.78414
24.15   17.99932
24.50   18.02850
24.85   18.31377
25.20   17.67313
25.55   17.88261
25.90   17.94836
26.25   17.79759
26.60   18.27356
26.95   18.07532
27.30   18.10403
27.65   18.21453
28.00   17.98605
28.35   18.67738
28.70   18.49459
29.05   18.30454
29.40   18.09377
29.75   18.35454
30.10   17.83595
30.45   17.90446
30.80   17.50721
31.15   18.12104
31.50   17.99448
31.85   18.06086
32.20   17.90165
32.55   17.91100
32.90   17.44925
33.25   17.85222
33.60   18.35541
33.95   18.21564
34.30   18.06217
34.65   18.47150
35.00   18.32505
35.35   18.34890
35.70   18.23080
36.05   18.42309
36.40   18.05387
36.75   17.94045
37.10   18.70386
37.45   18.07108
37.80   18.65858
38.15   18.60284
38.50   18.71157
38.85   18.36048
39.20   18.71331
39.55   17.85265
39.90   18.20578
40.25   17.94579
40.60   17.67578
40.95   18.17720
41.30   18.20480
41.65   18.31652
42.00   18.71668
42.35   18.73908
42.70   18.86492
43.05   18.73417
43.40   18.22712
43.75   18.07321
44.10   18.26590
44.45   18.10392
44.80   18.40534
45.15   18.59546
45.50   18.80886
45.85   18.61251
46.20   18.13897
46.55   18.92482
46.90   18.08212
47.25   18.78415
47.60   18.74423
47.95   18.39074
48.30   18.42071
48.65   18.75491
49.00   18.56194
49.35   18.88671
49.70   18.76524
50.05   18.48287
50.40   18.60597
50.75   18.20307
51.10   18.12756
51.45   18.23733
51.80   18.53809
52.15   18.61956
52.50   18.02601
52.85   18.97473
53.20   17.66367
53.55   18.46943
53.90   18.01561
54.25   18.52390
54.60   18.83866
54.95   18.05311
55.30   18.58019
55.65   18.68588
56.00   18.06654
56.35   18.45335
56.70   17.49210
57.05   18.01008
57.40   17.76145
57.75   18.12745
58.10   18.68869
58.45   18.71400
58.80   18.20894
59.15   18.25366
59.50   18.39024
59.85   18.27568
60.20   18.50492
60.55   18.34025
60.90   18.71277
61.25   18.64529
61.60   18.79116
61.95   18.47308
62.30   18.77687
62.65   18.90056
63.00   18.32190
63.35   19.02731
63.70   18.67785
64.05   18.15172
64.40   18.36296
64.75   18.53207
65.10   18.02424
65.45   18.30681
65.80   17.45767
66.15   18.17841
66.50   18.49462
66.85   17.78441
67.20   18.15224
67.55   18.06591
67.90   17.81742
68.25   18.20931
68.60   18.36288
68.95   18.88770
69.30   18.50405
69.65   18.49540
70.00   18.47920
70.35   17.97835
70.70   18.02406
71.05   18.02330
71.40   17.40336
71.75   18.16790
72.10   17.87972
72.45   18.19716
72.80   18.07547
73.15   18.06162
73.50   17.96839
73.85   19.01912
74.20   18.90481
74.55   18.57917
74.90   18.06748
75.25   17.80242
75.60   18.82273
75.95   18.16454
76.30   18.41356
76.65   18.24360
77.00   17.68058
77.35   18.30834
77.70   18.52519
78.05   18.40846
78.40   18.04363
78.75   18.87799
79.10   18.18281
79.45   17.76134
79.80   18.26709
80.15   18.63919
80.50   18.57292
80.85   18.62161
81.20   18.44622
81.55   18.61118
81.90   18.15534
82.25   18.24666
82.60   18.56292
82.95   17.73502
83.30   17.54916
83.65   17.46541
84.00   17.96489
84.35   17.91182
84.70   17.59039
85.05   18.20662
85.40   18.31697
85.75   18.10482
86.10   17.75356
86.45   17.98777
86.80   17.70217
87.15   18.14103
87.50   17.59660
87.85   17.86753
88.20   17.25881
88.55   17.66544
88.90   17.65352
89.25   17.91693
89.60   18.08411
89.95   17.72429
90.30   17.50927
90.65   17.96706
91.00   18.06519
91.35   18.37263
91.70   18.03092
92.05   18.19282
92.40   17.70782
92.75   18.45386
93.10   18.52728
93.45   18.35840
93.80   17.93352
94.15   18.09711
94.50   18.12305
94.85   18.12322
95.20   17.99231
95.55   18.26066
95.90   18.17332
96.25   18.30803
96.60   18.01271
96.95   17.71650
97.30   17.88656
97.65   18.77014
98.00   18.28375
98.35   17.90954
98.70   18.21288
99.05   18.10604
99.40   18.18899
99.75   18.41641
100.10   18.41058
100.45   17.99956
100.80   17.81042
101.15   18.21020
101.50   18.56888
101.85   18.26412
102.20   18.40747
102.55   18.23348
102.90   18.11644
103.25   18.40798
103.60   18.05135
103.95   18.80357
104.30   18.44496
104.65   17.81487
105.00   18.05928
105.35   18.85454
105.70   18.66326
106.05   18.53228
106.40   18.65087
106.75   19.31771
107.10   18.74603
107.45   18.50451
107.80   18.78813
108.15   18.46590
108.50   18.35555
108.85   18.36913
109.20   18.40864
109.55   18.58380
109.90   19.16099
110.25   18.78833
110.60   18.52058
110.95   19.08844
111.30   18.68143
111.65   18.48808
112.00   18.66422
112.35   18.80770
112.70   18.02154
113.05   18.19639
113.40   18.57250
113.75   18.25586
114.10   17.87889
114.45   18.48722
114.80   18.35929
115.15   18.27258
115.50   19.00824
115.85   18.82859
116.20   18.32590
116.55   18.66475
116.90   18.05278
117.25   18.68014
117.60   18.29290
117.95   18.51375
118.30   18.88774
118.65   18.26388
119.00   18.08384
119.35   18.36746
119.70   18.59076
120.05   18.80200
120.40   18.11674
120.75   18.60318
121.10   18.78113
121.45   18.85310
121.80   18.76130
122.15   18.54015
122.50   18.50769
122.85   18.05005
123.20   18.79491
123.55   18.65820
123.90   18.89937
124.25   19.17226
124.60   18.47790
124.95   18.64275
125.30   18.48852
125.65   18.14654
126.00   18.44597
126.35   18.41555
126.70   18.15986
127.05   17.98422
127.40   18.75137
127.75   17.77356
128.10   18.54178
128.45   18.31421
128.80   18.36950
129.15   18.25126
129.50   19.15657
129.85   18.79926
130.20   19.13031
130.55   18.91375
130.90   18.90458
131.25   18.87501
131.60   18.75518
131.95   19.23696
132.30   19.38853
132.65   18.76730
133.00   18.81744
133.35   18.58950
133.70   18.39801
134.05   18.42305
134.40   18.07569
134.75   18.32007
135.10   18.25846
135.45   18.55734
135.80   18.90567
136.15   17.68887
136.50   17.93199
136.85   18.32830
137.20   18.70961
137.55   18.52789
137.90   18.59531
138.25   18.72743
138.60   17.55492
138.95   18.58826
139.30   18.32717
139.65   18.23260
140.00   18.63416
140.35   18.07525
140.70   18.27944
141.05   18.41236
141.40   18.45482
141.75   18.30198
142.10   18.95503
142.45   18.79490
142.80   18.09416
143.15   18.62402
143.50   18.49113
143.85   18.58613
144.20   18.50406
144.55   17.83036
144.90   19.15212
145.25   18.43875
145.60   18.60198
145.95   18.27205
146.30   19.31743
146.65   19.05804
147.00   19.25634
147.35   18.85292
147.70   18.54132
148.05   18.74354
148.40   19.07709
148.75   18.75190
149.10   19.12627
149.45   18.59180
149.80   19.31949
150.15   18.25837
150.50   18.47496
150.85   18.53794
151.20   18.71910
151.55   18.58679
151.90   18.67051
152.25   18.75660
152.60   18.71845
152.95   18.59564
153.30   18.43968
153.65   18.26980
154.00   18.45050
154.35   18.32933
154.70   18.01432
155.05   18.01999
155.40   18.19244
155.75   18.75132
156.10   18.29247
156.45   18.30168
156.80   18.65114
157.15   18.41189
157.50   18.31139
157.85   18.53591
158.20   18.80001
158.55   17.99835
158.90   18.90377
159.25   18.60184
159.60   19.06842
159.95   18.69433
160.30   18.93737
160.65   18.60917
161.00   18.75412
161.35   18.82344
161.70   19.00587
162.05   18.18850
162.40   19.15073
162.75   18.48960
163.10   18.37387
163.45   18.45563
163.80   18.74580
164.15   18.30874
164.50   18.73169
164.85   19.04895
165.20   18.34577
165.55   17.88485
165.90   18.44603
166.25   18.09629
166.60   18.38273
166.95   17.89856
167.30   18.28742
167.65   18.36437
168.00   17.88507
168.35   18.36003
168.70   18.19319
169.05   18.11935
169.40   18.32536
169.75   17.86939
170.10   17.67827
170.45   18.13137
170.80   17.72478
171.15   17.71609
171.50   17.50749
171.85   17.50522
172.20   17.95902
172.55   18.59601
172.90   18.25014
173.25   18.04136
173.60   17.88335
173.95   18.08664
174.30   18.55761
174.65   18.30195
175.00   18.17418
175.35   18.27450
175.70   17.66132
176.05   18.03136
176.40   18.87674
176.75   19.13061
177.10   18.50267
177.45   18.48269
177.80   18.71301
178.15   18.40926
178.50   18.84133
178.85   18.18408
179.20   18.49220
179.55   18.00258
179.90   18.34320
180.25   18.35433
180.60   18.65146
180.95   18.24094
181.30   18.12565
181.65   19.12378
182.00   19.33260
182.35   19.08471
182.70   19.23339
183.05   18.64397
183.40   18.81285
183.75   18.07936
184.10   18.04603
184.45   18.93579
184.80   18.50312
185.15   18.31833
185.50   18.29745
185.85   18.55676
186.20   19.01028
186.55   18.80866
186.90   18.26754
187.25   18.10294
187.60   18.25360
187.95   18.18833
188.30   18.97203
188.65   19.14525
189.00   18.83982
189.35   18.74302
189.70   18.80509
190.05   18.36955
190.40   18.28307
190.75   18.20476
191.10   18.55518
191.45   17.85689
191.80   18.48273
192.15   18.74587
192.50   17.88872
192.85   17.86554
193.20   17.81413
193.55   18.45987
193.90   18.67174
194.25   18.50941
194.60   19.41808
194.95   18.61228
195.30   18.75987
195.65   18.74936
196.00   18.56036
196.35   18.39865
196.70   18.37762
197.05   18.75560
197.40   17.99589
197.75   18.54292
198.10   18.17587
198.45   17.82283
198.80   18.24245
199.15   18.17232
199.50   18.60274
199.85   18.24616
200.20   18.72655
200.55   18.20741
200.90   18.17056
201.25   18.18993
201.60   18.28294
201.95   18.53720
202.30   18.09831
202.65   18.29839
203.00   18.32963
203.35   17.89218
203.70   18.51662
204.05   18.28420
204.40   18.96076
204.75   18.85744
205.10   18.31802
205.45   18.46924
205.80   18.88537
206.15   18.68827
206.50   18.62520
206.85   18.41873
207.20   18.43241
207.55   18.36967
207.90   18.37932
208.25   18.46882
208.60   18.14915
208.95   17.93553
209.30   18.00574
209.65   18.24728
210.00   18.84647
210.35   17.79229
210.70   18.43156
211.05   17.82541
211.40   17.86677
211.75   18.76550
212.10   17.45342
212.45   18.04940
212.80   17.74156
213.15   17.87117
213.50   18.21098
213.85   17.68786
214.20   17.71621
214.55   18.47533
214.90   18.01040
215.25   17.90285
215.60   18.20661
215.95   18.21193
216.30   17.80542
216.65   18.23178
217.00   17.73755
217.35   17.65572
217.70   17.34224
218.05   18.17653
218.40   18.18652
218.75   18.16587
219.10   18.38117
219.45   18.22748
219.80   18.18505
220.15   18.51097
220.50   18.24110
220.85   18.70655
221.20   17.99922
221.55   18.27629
221.90   18.20221
222.25   18.46799
222.60   17.93015
222.95   18.45629
223.30   17.74774
223.65   18.83830
224.00   18.34945
224.35   18.08051
224.70   18.22443
225.05   18.29237
225.40   18.02580
225.75   18.45447
226.10   18.24900
226.45   18.15445
226.80   18.47230
227.15   18.28801
227.50   18.21352
227.85   18.53766
228.20   18.10788
228.55   18.28523
228.90   18.06441
229.25   18.20966
229.60   17.98073
229.95   18.18170
230.30   18.36992
230.65   18.55847
231.00   18.79560
231.35   18.47829
231.70   18.11308
232.05   17.62211
232.40   18.14927
232.75   18.03154
233.10   18.08697
233.45   17.92949
233.80   18.12469
234.15   18.27511
234.50   18.22632
234.85   17.86185
235.20   17.77571
235.55   17.50403
235.90   17.57494
236.25   17.68751
236.60   18.17127
236.95   17.65453
237.30   18.31682
237.65   18.34917
238.00   17.70538
238.35   17.82518
238.70   17.16210
239.05   18.27520
239.40   18.65165
239.75   17.78806
240.10   17.68343
240.45   17.41798
240.80   17.73924
241.15   17.89034
241.50   17.96074
241.85   17.88410
242.20   17.58842
242.55   17.91603
242.90   17.78247
243.25   18.58990
243.60   17.41440
243.95   17.14028
244.30   17.83961
244.65   17.88311
245.00   17.72803
245.35   17.87266
245.70   17.27365
246.05   17.62252
246.40   17.66795
246.75   17.61721
247.10   17.66321
247.45   17.57064
247.80   17.36313
248.15   17.40055
248.50   18.17897
248.85   17.89404
249.20   18.31199
249.55   18.06405
249.90   17.49482
