# center-of-geometry distance [nm] vs time [ns]
 0.00   18.48488
 0.35   18.18444
 0.70   18.24898
 1.05   18.42157
 1.40   18.00239
 1.75   18.21873
 2.10   18.22262
 2.45   17.86591
 2.80   17.60351
 3.15   18.64118
 3.50   17.93477
 3.85   17.72430
 4.20   18.37757
 4.55   17.96417
 4.90   18.35016
 5.25   17.60452
 5.60   17.41279
 5.95   17.39736
 6.30   17.30968
 6.65   17.79816
 7.00   18.20829
 7.35   18.26571
 7.70   18.26462
 8.05   18.43831
 8.40   18.07621
 8.75   18.32975
 9.10   18.41896
 9.45   18.03607
 9.80   17.87765
10.15   18.69098
10.50   17.91709
10.85   17.31030
11.20   17.37009
11.55   17.73568
11.90   18.08126
12.25   18.11757
12.60   17.76253
12.95   18.15565
13.30   18.26777
13.65   18.30985
14.00   18.21402
14.35   18.04813
14.70   18.01968
15.05   17.92413
15.40   18.18279
15.75   18.30386
16.10   18.14454
16.45   18.15236
16.80   18.33818
17.15   17.51462
17.50   18.33868
17.85   18.77988
18.20   18.42221
18.55   18.77571
18.90   18.08889
19.25   18.32650
19.60   18.18021
19.95   18.48231
20.30   18.55869
20.65   18.67447
21.00   18.33330
21.35   18.60702
21.70   18.29266
22.05   18.09183
22.40   18.86157
22.75   18.98270
23.10   18.79136
23.45   18.53437
23.80   18.84919
24.15   18.90501
24.50   18.58033
24.85   18.71258
25.20   18.88742
25.55   18.40367
25.90   17.98918
26.25   18.21230
26.60   18.53345
26.95   18.05043
27.30   19.05195
27.65   18.25100
28.00   18.55071
28.35   17.88448
28.70   18.09770
29.05   18.82066
29.40   18.98680
29.75   18.41704
30.10   18.04049
30.45   18.54972
30.80   18.19777
31.15   18.56122
31.50   18.24186
31.85   18.34371
32.20   18.46404
32.55   18.48524
32.90   18.64127
33.25   18.22378
33.60   18.36057
33.95   18.67583
34.30   18.95584
34.65   18.01465
35.00   18.77141
35.35   18.28849
35.70   18.45232
36.05   18.39525
36.40   18.58361
36.75   18.74890
37.10   18.76507
37.45   18.45215
37.80   18.92875
38.15   18.61552
38.50   19.02969
38.85   18.93873
39.20   18.96636
39.55   18.89670
39.90   18.46395
40.25   18.92896
40.60   19.23217
40.95   19.10837
41.30   19.12623
41.65   19.13862
42.00   19.15939
42.35   18.37969
42.70   19.04098
43.05   17.91640
43.40   18.96853
43.75   18.51383
44.10   18.63187
44.45   18.70764
44.80   18.71482
45.15   18.50876
45.50   18.48349
45.85   18.55438
46.20   19.06568
46.55   18.20321
46.90   18.66158
47.25   18.37530
47.60   18.78600
47.95   18.72662
48.30   18.99885
48.65   18.49187
49.00   18.88988
49.35   18.40800
49.70   18.19854
50.05   18.25037
50.40   18.24706
50.75   18.60349
51.10   18.73206
51.45   18.41909
51.80   18.43745
52.15   18.47847
52.50   18.88836
52.85   18.31701
53.20   18.35258
53.55   18.96217
53.90   18.31299
54.25   18.27352
54.60   18.67967
54.95   18.27892
55.30   18.29064
55.65   17.80036
56.00   18.10161
56.35   18.58026
56.70   18.67492
57.05   17.98668
57.40   18.27087
57.75   18.38783
58.10   17.77414
58.45   18.55958
58.80   17.91886
59.15   18.26991
59.50   18.57142
59.85   18.50407
60.20   18.12196
60.55   18.59996
60.90   18.71672
61.25   18.32344
61.60   17.72222
61.95   18.74555
62.30   18.37143
62.65   18.30550
63.00   18.48658
63.35   18.85012
63.70   18.58346
64.05   18.57846
64.40   18.48938
64.75   18.39918
65.10   18.04722
65.45   18.65165
65.80   18.41870
66.15   18.47677
66.50   18.19953
66.85   18.97038
67.20   18.80029
67.55   18.48463
67.90   18.56348
68.25   18.97329
68.60   18.56594
68.95   18.31772
69.30   18.70126
69.65   18.69993
70.00   17.87035
70.35   18.54062
70.70   18.55539
71.05   18.46224
71.40   18.93893
71.75   18.77216
72.10   18.59801
72.45   18.32115
72.80   18.64359
73.15   18.68200
73.50   18.84004
73.85   18.42803
74.20   18.70751
74.55   18.59223
74.90   18.54284
75.25   18.90623
75.60   19.10994
75.95   18.54634
76.30   18.42208
76.65   18.48726
77.00   18.66278
77.35   18.62560
77.70   19.00140
78.05   19.02191
78.40   18.78494
78.75   18.77594
79.10   19.07125
79.45   19.06475
79.80   19.26308
80.15   19.11636
80.50   18.84015
80.85   18.75099
81.20   19.24136
81.55   18.58838
81.90   19.09718
82.25   18.86856
82.60   18.79756
82.95   18.32100
83.30   19.04998
83.65   19.29612
84.00   18.82574
84.35   18.63773
84.70   18.94159
85.05   19.61629
85.40   19.04039
85.75   19.05690
86.10   18.29099
86.45   18.33843
86.80   18.65445
87.15   17.71131
87.50   18.73589
87.85   18.63881
88.20   18.28281
88.55   18.46386
88.90   18.59874
89.25   18.46406
89.60   18.09816
89.95   18.58582
90.30   18.89046
90.65   18.92605
91.00   18.68373
91.35   18.43591
91.70   18.54013
92.05   18.69023
92.40   18.33326
92.75   18.35961
93.10   18.83023
93.45   18.58994
93.80   19.08361
94.15   18.60062
94.50   18.61441
94.85   18.26169
95.20   19.64743
95.55   18.38791
95.90   18.89761
96.25   18.41541
96.60   18.81552
96.95   18.83354
97.30   18.22654
97.65   18.63810
98.00   18.62431
98.35   18.92183
98.70   18.97227
99.05   19.28063
99.40   18.55314
99.75   19.11485
100.10   19.01932
100.45   18.79202
100.80   18.93147
101.15   18.73522
101.50   18.74753
101.85   19.02306
102.20   18.78089
102.55   18.78786
102.90   19.07538
103.25   18.98651
103.60   18.50648
103.95   18.41935
104.30   18.75600
104.65   18.17997
105.00   19.13430
105.35   19.40825
105.70   19.21360
106.05   18.73366
106.40   19.02712
106.75   19.12319
107.10   19.32491
107.45   18.32058
107.80   18.58568
108.15   18.63291
108.50   18.64604
108.85   18.63805
109.20   18.56357
109.55   18.55185
109.90   18.91276
110.25   18.54794
110.60   19.11746
110.95   18.74021
111.30   18.78153
111.65   18.66571
112.00   18.68631
112.35   18.76395
112.70   18.57626
113.05   18.53267
113.40   18.53938
113.75   18.71485
114.10   18.48704
114.45   18.30878
114.80   18.97659
115.15   18.65019
115.50   18.53480
115.85   19.17410
116.20   19.19622
116.55   18.82404
116.90   18.77620
117.25   18.90103
117.60   18.55110
117.95   18.66780
118.30   18.74279
118.65   18.57123
119.00   18.54658
119.35   19.03360
119.70   17.88850
120.05   18.16197
120.40   18.38960
120.75   18.53681
121.10   18.16205
121.45   18.39604
121.80   18.50177
122.15   18.90748
122.50   18.08399
122.85   18.16009
123.20   18.01928
123.55   18.45171
123.90   18.21143
124.25   18.92369
124.60   19.02314
124.95   18.53302
125.30   18.64624
125.65   18.67736
126.00   18.41852
126.35   18.80473
126.70   18.86250
127.05   18.87739
127.40   19.13259
127.75   18.69562
128.10   18.99945
128.45   18.39558
128.80   18.89674
129.15   19.18511
129.50   18.95031
129.85   18.77053
130.20   18.89103
130.55   19.17261
130.90   18.59832
131.25   18.47997
131.60   19.13751
131.95   19.06891
132.30   18.94318
132.65   18.99284
133.00   18.49416
133.35   18.79431
133.70   18.45107
134.05   18.47372
134.40   18.85545
134.75   18.72140
135.10   18.77735
135.45   18.87605
135.80   18.96109
136.15   19.15114
136.50   18.66848
136.85   18.68357
137.20   19.49780
137.55   19.22162
137.90   18.81207
138.25   18.71563
138.60   18.35500
138.95   18.90002
139.30   19.08647
139.65   18.94930
140.00   19.25595
140.35   19.63204
140.70   19.30351
141.05   18.70291
141.40   18.76465
141.75   19.11316
142.10   18.34730
142.45   18.53211
142.80   18.76700
143.15   19.61583
143.50   19.13326
143.85   19.14133
144.20   19.21443
144.55   19.10626
144.90   18.57337
145.25   18.52697
145.60   18.35426
145.95   19.01540
146.30   19.00918
146.65   19.02501
147.00   19.46501
147.35   19.49546
147.70   19.01262
148.05   18.92597
148.40   19.57335
148.75   19.10849
149.10   18.64819
149.45   19.25151
149.80   18.68797
150.15   18.78244
150.50   18.71270
150.85   19.02164
151.20   18.46548
151.55   18.56788
151.90   19.00984
152.25   18.29931
152.60   18.87034
152.95   19.68286
153.30   19.11741
153.65   19.28490
154.00   18.60984
154.35   19.07167
154.70   19.20968
155.05   19.00392
155.40   19.21860
155.75   19.11981
156.10   18.90167
156.45   19.41645
156.80   18.99242
157.15   18.38574
157.50   19.36671
157.85   19.22921
158.20   18.91482
158.55   18.98959
158.90   19.27582
159.25   18.83330
159.60   18.65589
159.95   19.33757
160.30   18.77637
160.65   19.09564
161.00   19.12733
161.35   18.91138
161.70   18.48745
162.05   18.82047
162.40   18.71233
162.75   18.88912
163.10   19.05739
163.45   18.28203
163.80   18.82551
164.15   18.68167
164.50   18.89173
164.85   18.50906
165.20   19.02701
165.55   19.64136
165.90   19.37314
166.25   19.29550
166.60   18.42200
166.95   19.33852
167.30   19.18183
167.65   18.98229
168.00   18.31574
168.35   18.96899
168.70   19.14756
169.05   18.63086
169.40   18.60284
169.75   18.81533
170.10   18.13576
170.45   19.12045
170.80   18.17416
171.15   18.29143
171.50   19.06720
171.85   18.84589
172.20   18.03279
172.55   18.20919
172.90   18.92900
173.25   19.33782
173.60   18.93547
173.95   19.19700
174.30   18.95783
174.65   19.29418
175.00   19.10219
175.35   18.96859
175.70   18.39309
176.05   18.81239
176.40   19.19747
176.75   19.14144
177.10   19.22438
177.45   19.00670
177.80   19.08842
178.15   19.60295
178.50   18.97170
178.85   19.53750
179.20   19.21237
179.55   19.12209
179.90   19.76311
180.25   19.22433
180.60   19.22172
180.95   19.26368
181.30   19.19019
181.65   18.50581
182.00   18.46307
182.35   19.03120
182.70   18.49010
183.05   19.14235
183.40   18.91768
183.75   19.07469
184.10   19.04376
184.45   19.17852
184.80   19.24824
185.15   18.94080
185.50   19.02208
185.85   18.61157
186.20   19.03089
186.55   18.78582
186.90   18.17364
187.25   18.46213
187.60   18.46657
187.95   18.32812
188.30   19.02137
188.65   18.68429
189.00   18.49814
189.35   19.35015
189.70   18.43534
190.05   19.02085
190.40   19.30889
190.75   19.00230
191.10   18.64179
191.45   18.84803
191.80   19.09013
192.15   18.63509
192.50   18.82348
192.85   18.42209
193.20   18.82704
193.55   18.98777
193.90   18.62579
194.25   18.66396
194.60   19.24800
194.95   18.82967
195.30   18.48819
195.65   18.76349
196.00   19.13053
196.35   18.98161
196.70   18.97428
197.05   19.07833
197.40   18.96935
197.75   19.28836
198.10   18.95149
198.45   18.94094
198.80   18.86490
199.15   18.76371
199.50   18.40752
199.85   17.68608
200.20   19.24329
200.55   18.40629
200.90   18.60216
201.25   19.26214
201.60   18.99149
201.95   18.83591
202.30   18.78629
202.65   19.26491
203.00   18.56531
203.35   18.51794
203.70   18.24521
204.05   18.24162
204.40   18.67041
204.75   18.03451
205.10   18.38939
205.45   18.69549
205.80   18.70278
206.15   18.66582
206.50   18.13290
206.85   18.76815
207.20   18.79289
207.55   18.53400
207.90   18.78225
208.25   18.38410
208.60   18.65483
208.95   18.47943
209.30   18.27388
209.65   18.13754
210.00   17.62978
210.35   18.82631
210.70   19.27163
211.05   19.00332
211.40   18.39626
211.75   18.53596
212.10   19.09587
212.45   19.16836
212.80   19.26660
213.15   19.32251
213.50   19.11750
213.85   18.92833
214.20   19.31752
214.55   18.34116
214.90   18.85755
215.25   18.48277
215.60   18.52298
215.95   19.46298
216.30   18.60361
216.65   18.51001
217.00   18.45138
217.35   19.22027
217.70   19.00845
218.05   18.57589
218.40   19.45611
218.75   18.82991
219.10   18.64388
219.45   19.42101
219.80   19.06701
220.15   18.97753
220.50   19.16516
220.85   18.51315
221.20   18.72725
221.55   18.75859
221.90   19.06080
222.25   18.78491
222.60   18.23663
222.95   18.82190
223.30   18.54692
223.65   18.84760
224.00   18.64194
224.35   18.55456
224.70   18.14503
225.05   19.05786
225.40   18.87461
225.75   18.66910
226.10   18.66488
226.45   18.25337
226.80   18.98396
227.15   18.61724
227.50   18.85188
227.85   18.70133
228.20   18.95796
228.55   18.58312
228.90   18.60306
229.25   18.42737
229.60   18.65255
229.95   18.60320
230.30   18.40264
230.65   18.58670
231.00   18.89987
231.35   18.28138
231.70   18.58899
232.05   18.62016
232.40   18.99753
232.75   18.63791
233.10   18.40227
233.45   18.62038
233.80   18.83365
234.15   18.40801
234.50   18.04284
234.85   18.45574
235.20   18.24910
235.55   18.24599
235.90   18.86940
236.25   18.91850
236.60   18.10294
236.95   18.53491
237.30   19.09341
237.65   19.20833
238.00   19.18111
238.35   18.79322
238.70   18.65413
239.05   18.72287
239.40   18.86240
239.75   18.97862
240.10   18.93264
240.45   19.10071
240.80   18.89673
241.15   19.24670
241.50   18.68851
241.85   18.77038
242.20   19.01024
242.55   18.47088
242.90   18.96678
243.25   18.65740
243.60   18.72552
243.95   18.48882
244.30   18.22709
244.65   19.06004
245.00   18.84450
245.35   18.53270
245.70   18.66238
246.05   19.00834
246.40   18.87600
246.75   18.59611
247.10   17.97568
247.45   18.83351
247.80   18.69825
248.15   18.94959
248.50   18.74672
248.85   18.36815
249.20   18.68700
249.55   18.52196
249.90   18.85532
