# center-of-geometry distance [nm] vs time [ns]
 0.00   18.11184
 0.35   17.34446
 0.70   17.90712
 1.05   17.85980
 1.40   17.87009
 1.75   17.93759
 2.10   18.24841
 2.45   18.44863
 2.80   17.93219
 3.15   17.34734
 3.50   18.24866
 3.85   18.17435
 4.20   18.00467
 4.55   17.86303
 4.90   18.25710
 5.25   17.92096
 5.60   18.24438
 5.95   18.50305
 6.30   18.53610
 6.65   17.94893
 7.00   17.52175
 7.35   18.74592
 7.70   18.69088
 8.05   18.38817
 8.40   18.12513
 8.75   18.49403
 9.10   18.03734
 9.45   18.02397
 9.80   18.31081
10.15   17.80634
10.50   18.15261
10.85   18.26722
11.20   18.12083
11.55   17.50427
11.90   17.88579
12.25   17.88158
12.60   18.21885
12.95   18.27120
13.30   18.66496
13.65   18.50082
14.00   17.85565
14.35   18.48770
14.70   18.59360
15.05   18.61996
15.40   18.33239
15.75   18.21264
16.10   17.97907
16.45   18.16321
16.80   18.63898
17.15   18.24766
17.50   17.65380
17.85   18.06440
18.20   18.20923
18.55   18.52368
18.90   18.38153
19.25   17.85346
19.60   17.71553
19.95   17.83311
20.30   17.57090
20.65   17.49634
21.00   17.82757
21.35   17.60267
21.70   17.91912
22.05   17.84656
22.40   17.77638
22.75   17.49492
23.10   17.32904
23.45   17.65367
23.80   17.20323
24.15   17.57091
24.50   17.91574
24.85   17.51762
25.20   17.29354
25.55   17.48402
25.90   17.18007
26.25   17.01860
26.60   17.33223
26.95   16.91914
27.30   17.54011
27.65   16.61095
28.00   17.01115
28.35   17.44221
28.70   16.99683
29.05   17.47241
29.40   16.90977
29.75   17.91116
30.10   17.62179
30.45   18.31757
30.80   17.47070
31.15   17.64957
31.50   17.14912
31.85   17.61189
32.20   17.12700
32.55   16.83204
32.90   17.16101
33.25   17.01059
33.60   17.45753
33.95   17.14230
34.30   17.47140
34.65   17.28779
35.00   17.68933
35.35   17.55862
35.70   17.54058
36.05   17.54437
36.40   17.95424
36.75   17.67393
37.10   18.01875
37.45   17.47804
37.80   18.66921
38.15   18.89358
38.50   18.09473
38.85   18.30170
39.20   17.94300
39.55   17.67704
39.90   17.56371
40.25   18.15378
40.60   17.79588
40.95   18.04077
41.30   18.13242
41.65   18.59064
42.00   18.57234
42.35   18.41320
42.70   17.98157
43.05   18.22777
43.40   17.94387
43.75   17.81611
44.10   17.84589
44.45   18.49085
44.80   17.73378
45.15   18.04149
45.50   17.39400
45.85   18.38983
46.20   17.31624
46.55   17.89639
46.90   17.77132
47.25   18.04234
47.60   17.87518
47.95   17.69774
48.30   17.87140
48.65   18.23533
49.00   17.84981
49.35   17.61833
49.70   17.54483
50.05   17.14101
50.40   16.77275
50.75   17.12308
51.10   17.20752
51.45   17.59512
51.80   17.01936
52.15   17.28223
52.50   17.45423
52.85   17.54847
53.20   17.32624
53.55   17.55808
53.90   17.67669
54.25   17.27523
54.60   17.09935
54.95   17.17008
55.30   17.38035
55.65   17.16116
56.00   16.66498
56.35   17.24349
56.70   16.80677
57.05   17.00693
57.40   16.97275
57.75   17.21938
58.10   16.93292
58.45   16.92232
58.80   17.05916
59.15   17.09547
59.50   17.19359
59.85   17.02585
60.20   17.54627
60.55   17.19196
60.90   17.33180
61.25   17.21301
61.60   17.01718
61.95   17.03596
62.30   17.82069
62.65   17.46122
63.00   18.07655
63.35   17.19541
63.70   17.48594
64.05   17.61502
64.40   17.37705
64.75   17.39299
65.10   17.38153
65.45   17.22493
65.80   17.11643
66.15   17.13681
66.50   17.47386
66.85   17.58186
67.20   17.36935
67.55   17.04894
67.90   17.26303
68.25   17.40390
68.60   17.44600
68.95   16.90734
69.30   17.83805
69.65   17.97111
70.00   17.29629
70.35   17.21486
70.70   16.96181
71.05   16.88547
71.40   17.14984
71.75   16.99085
72.10   17.00302
72.45   17.52110
72.80   17.58417
73.15   17.14818
73.50   17.55685
73.85   17.25080
74.20   17.12710
74.55   17.59797
74.90   17.55668
75.25   18.14295
75.60   17.13256
75.95   17.06084
76.30   17.12724
76.65   16.93862
77.00   17.56058
77.35   16.81066
77.70   17.29370
78.05   17.12515
78.40   17.46278
78.75   17.31893
79.10   17.55965
79.45   17.07228
79.80   17.07144
80.15   18.01100
80.50   16.54377
80.85   16.97379
81.20   17.61575
81.55   17.57265
81.90   17.19130
82.25   17.16846
82.60   17.38198
82.95   17.01912
83.30   17.43039
83.65   17.51232
84.00   17.94788
84.35   17.33678
84.70   17.97217
85.05   17.80138
85.40   17.62785
85.75   16.94622
86.10   17.27224
86.45   17.46163
86.80   17.28300
87.15   16.84486
87.50   17.50775
87.85   17.32166
88.20   17.20173
88.55   16.42872
88.90   17.67436
89.25   17.97051
89.60   17.41419
89.95   17.19293
90.30   17.52068
90.65   17.35474
91.00   17.59496
91.35   17.46988
91.70   17.84138
92.05   17.86684
92.40   17.53806
92.75   18.09269
93.10   18.04858
93.45   18.58125
93.80   17.57908
94.15   17.97734
94.50   18.25266
94.85   18.25489
95.20   17.99232
95.55   18.90451
95.90   18.12871
96.25   18.27233
96.60   18.32554
96.95   18.32248
97.30   18.17071
97.65   18.29546
98.00   18.05778
98.35   17.88516
98.70   18.09771
99.05   17.66254
99.40   18.23567
99.75   18.39082
100.10   18.69921
100.45   18.32838
100.80   18.47891
101.15   18.57485
101.50   17.82128
101.85   18.16083
102.20   18.00488
102.55   18.04075
102.90   18.57031
103.25   18.40713
103.60   18.50122
103.95   18.63818
104.30   18.33621
104.65   17.60647
105.00   17.07045
105.35   17.24046
105.70   17.32158
106.05   17.86815
106.40   18.24624
106.75   18.08738
107.10   18.11265
107.45   17.85763
107.80   17.68743
108.15   17.84220
108.50   18.00600
108.85   17.75744
109.20   18.06664
109.55   17.82676
109.90   18.23657
110.25   18.08092
110.60   18.72208
110.95   17.80044
111.30   18.34584
111.65   17.96400
112.00   17.91787
112.35   18.52767
112.70   18.44534
113.05   17.99888
113.40   18.56129
113.75   18.10368
114.10   17.74216
114.45   17.99932
114.80   18.51030
115.15   17.86721
115.50   18.54547
115.85   18.06310
116.20   18.43328
116.55   17.82126
116.90   17.52453
117.25   17.86138
117.60   18.17480
117.95   18.05549
118.30   18.49649
118.65   18.74058
119.00   17.99330
119.35   17.95196
119.70   18.09242
120.05   18.28184
120.40   17.97721
120.75   17.80688
121.10   18.33380
121.45   17.95751
121.80   18.51947
122.15   18.05620
122.50   17.74994
122.85   17.81774
123.20   18.00428
123.55   18.46425
123.90   18.29720
124.25   18.83617
124.60   18.22281
124.95   17.72575
125.30   17.57047
125.65   17.96949
126.00   17.84851
126.35   18.27438
126.70   17.97655
127.05   18.00282
127.40   18.23124
127.75   18.33071
128.10   18.09820
128.45   18.26614
128.80   18.46271
129.15   17.85673
129.50   18.67317
129.85   18.28387
130.20   18.53867
130.55   18.59773
130.90   18.23171
131.25   18.80450
131.60   18.60654
131.95   18.07203
132.30   18.35184
132.65   18.44497
133.00   18.11536
133.35   18.15386
133.70   18.91774
134.05   18.43032
134.40   18.29643
134.75   18.49155
135.10   17.88065
135.45   18.50692
135.80   18.25067
136.15   18.39298
136.50   17.98398
136.85   18.08635
137.20   17.66803
137.55   17.72410
137.90   17.40913
138.25   18.05549
138.60   18.16247
138.95   18.43172
139.30   18.20811
139.65   18.29518
140.00   17.92238
140.35   18.37785
140.70   18.94959
141.05   18.46531
141.40   18.52392
141.75   18.58028
142.10   19.06304
142.45   18.40117
142.80   18.49069
143.15   18.93151
143.50   18.79284
143.85   18.23327
144.20   17.91559
144.55   18.22033
144.90   18.39026
145.25   18.45845
145.60   18.37546
145.95   18.17826
146.30   18.84447
146.65   18.29547
147.00   18.28822
147.35   17.91858
147.70   17.73736
148.05   17.86035
148.40   17.65743
148.75   18.24172
149.10   17.79024
149.45   18.66395
149.80   17.62241
150.15   17.97282
150.50   18.22220
150.85   18.22214
151.20   18.01486
151.55   17.54288
151.90   17.94867
152.25   18.20945
152.60   17.84681
152.95   18.18550
153.30   18.71231
153.65   18.39211
154.00   18.54471
154.35   18.67794
154.70   18.10496
155.05   18.04352
155.40   18.07012
155.75   17.37170
156.10   17.41745
156.45   17.83053
156.80   17.70281
157.15   17.99842
157.50   17.63480
157.85   18.17028
158.20   17.91366
158.55   18.08175
158.90   17.66460
159.25   18.01857
159.60   18.43724
159.95   18.00881
160.30   18.01864
160.65   18.41606
161.00   18.23039
161.35   18.24121
161.70   18.00665
162.05   18.35058
162.40   18.37046
162.75   18.10461
163.10   17.96299
163.45   18.58843
163.80   17.84401
164.15   18.10227
164.50   17.34161
164.85   17.57253
165.20   17.46000
165.55   18.59609
165.90   18.21190
166.25   18.67270
166.60   18.19470
166.95   18.44883
167.30   17.90479
167.65   18.00099
168.00   19.02063
168.35   18.30003
168.70   18.05025
169.05   17.81727
169.40   18.49150
169.75   18.19904
170.10   18.37346
170.45   18.86922
170.80   18.24716
171.15   17.88018
171.50   18.42694
171.85   18.08093
172.20   17.42173
172.55   17.92420
172.90   18.01832
173.25   17.61277
173.60   17.44450
173.95   17.63383
174.30   17.80751
174.65   17.67050
175.00   17.79381
175.35   17.60525
175.70   17.98256
176.05   17.78981
176.40   17.99639
176.75   17.82801
177.10   18.28150
177.45   17.90996
177.80   17.88530
178.15   17.73107
178.50   17.31626
178.85   17.86145
179.20   17.55577
179.55   16.85446
179.90   17.57113
180.25   17.60354
180.60   17.66881
180.95   17.73453
181.30   17.69333
181.65   17.81606
182.00   17.32580
182.35   17.60189
182.70   17.69603
183.05   17.74081
183.40   18.10118
183.75   17.72561
184.10   17.87661
184.45   17.83004
184.80   17.31393
185.15   17.71745
185.50   17.29619
185.85   18.07161
186.20   17.31725
186.55   18.15470
186.90   17.53638
187.25   17.44049
187.60   17.68847
187.95   17.70170
188.30   18.04868
188.65   17.46996
189.00   18.28051
189.35   18.35000
189.70   17.41877
190.05   17.69880
190.40   17.46866
190.75   17.70378
191.10   17.80069
191.45   17.41570
191.80   17.63307
192.15   17.88347
192.50   17.70428
192.85   17.46381
193.20   17.58600
193.55   16.97644
193.90   17.17121
194.25   18.02710
194.60   17.92629
194.95   18.14091
195.30   18.12110
195.65   17.77056
196.00   17.47757
196.35   17.61793
196.70   18.06135
197.05   17.88089
197.40   18.22004
197.75   18.48069
198.10   18.54810
198.45   18.28289
198.80   18.03462
199.15   18.09906
199.50   17.49371
199.85   17.64836
200.20   17.20047
200.55   17.77468
200.90   17.86048
201.25   17.67555
201.60   17.14007
201.95   17.73996
202.30   17.69164
202.65   18.00963
203.00   17.42301
203.35   17.21856
203.70   17.52337
204.05   17.29797
204.40   17.34539
204.75   17.32920
205.10   17.18437
205.45   17.92156
205.80   17.99593
206.15   17.39032
206.50   17.41463
206.85   17.22914
207.20   17.56666
207.55   17.25005
207.90   17.49057
208.25   17.56252
208.60   17.73570
208.95   17.17821
209.30   17.19264
209.65   17.50435
210.00   17.30159
210.35   17.25806
210.70   17.63403
211.05   17.60334
211.40   17.47179
211.75   16.87322
212.10   17.61161
212.45   17.23466
212.80   17.25108
213.15   17.75309
213.50   17.32210
213.85   17.14483
214.20   17.54403
214.55   17.39225
214.90   17.02719
215.25   17.04252
215.60   17.85150
215.95   17.72775
216.30   17.20697
216.65   17.71642
217.00   17.16453
217.35   16.83304
217.70   17.06760
218.05   17.32371
218.40   17.09112
218.75   17.84921
219.10   17.13431
219.45   17.70771
219.80   17.01230
220.15   17.44916
220.50   17.85723
220.85   17.35259
221.20   17.93095
221.55   17.66996
221.90   17.84127
222.25   17.63957
222.60   17.39702
222.95   17.87189
223.30   17.42268
223.65   17.15122
224.00   17.14928
224.35   17.51227
224.70   17.23683
225.05   16.88642
225.40   17.58043
225.75   17.28634
226.10   17.99333
226.45   17.07762
226.80   16.75837
227.15   17.37314
227.50   17.17770
227.85   17.50810
228.20   17.45833
228.55   17.61794
228.90   17.75674
229.25   17.17197
229.60   17.20019
229.95   17.52343
230.30   17.22231
230.65   17.15409
231.00   17.65559
231.35   17.95213
231.70   17.98501
232.05   17.69656
232.40   17.40196
232.75   17.60266
233.10   17.25160
233.45   16.81810
233.80   17.58196
234.15   17.82417
234.50   17.86843
234.85   17.59015
235.20   17.81019
235.55   17.57300
235.90   17.80867
236.25   18.01836
236.60   17.90061
236.95   17.36029
237.30   17.94973
237.65   17.75273
238.00   17.88822
238.35   18.18276
238.70   17.64847
239.05   17.85476
239.40   17.88354
239.75   17.77099
240.10   17.75512
240.45   18.22795
240.80   17.51150
241.15   17.95282
241.50   17.49203
241.85   17.83102
242.20   17.58212
242.55   16.82152
242.90   17.77345
243.25   17.03950
243.60   18.01037
243.95   17.89850
244.30   18.03201
244.65   17.73567
245.00   17.69645
245.35   17.76538
245.70   17.58267
246.05   17.97349
246.40   17.32475
246.75   17.08833
247.10   17.41224
247.45   17.71637
247.80   17.41921
248.15   17.21937
248.50   17.52282
248.85   17.10160
249.20   17.35817
249.55   17.01183
249.90   17.37123
