# center-of-geometry distance [nm] vs time [ns]
 0.00   18.67833
 0.35   17.94870
 0.70   18.13033
 1.05   18.56454
 1.40   18.57046
 1.75   17.99538
 2.10   17.94197
 2.45   17.96303
 2.80   18.56542
 3.15   18.55993
 3.50   18.09001
 3.85   18.20017
 4.20   17.55042
 4.55   17.67257
 4.90   17.74493
 5.25   18.33267
 5.60   18.33262
 5.95   18.47167
 6.30   18.26629
 6.65   18.40503
 7.00   18.16675
 7.35   18.47893
 7.70   18.53459
 8.05   17.97862
 8.40   18.18568
 8.75   18.23792
 9.10   17.70646
 9.45   17.58993
 9.80   18.10352
10.15   18.19447
10.50   17.83558
10.85   17.83817
11.20   17.56640
11.55   17.80748
11.90   17.69929
12.25   16.74427
12.60   17.93136
12.95   17.77032
13.30   18.27896
13.65   17.98344
14.00   18.05161
14.35   18.14402
14.70   18.41709
15.05   18.05464
15.40   17.69222
15.75   17.71824
16.10   18.08236
16.45   17.70747
16.80   17.78168
17.15   17.58068
17.50   17.90897
17.85   17.94868
18.20   18.03561
18.55   17.45119
18.90   17.80563
19.25   17.71292
19.60   18.42418
19.95   18.11186
20.30   18.13813
20.65   17.99562
21.00   17.37732
21.35   17.11162
21.70   17.71304
22.05   17.77497
22.40   18.08444
22.75   18.03266
23.10   18.19610
23.45   17.94028
23.80   17.63439
24.15   17.75506
24.50   18.13075
24.85   18.75148
25.20   18.10127
25.55   17.87651
25.90   18.01181
26.25   17.32098
26.60   17.71541
26.95   18.14148
27.30   17.90877
27.65   17.24158
28.00   17.75798
28.35   17.93396
28.70   18.25724
29.05   17.90971
29.40   18.21390
29.75   17.36173
30.10   18.05470
30.45   17.73626
30.80   18.35842
31.15   18.18688
31.50   17.72641
31.85   17.67452
32.20   17.59181
32.55   17.25499
32.90   17.63828
33.25   17.52049
33.60   17.11892
33.95   17.30903
34.30   17.26729
34.65   17.48751
35.00   16.46879
35.35   16.97672
35.70   17.33545
36.05   16.84539
36.40   17.10459
36.75   17.29825
37.10   17.39085
37.45   17.30186
37.80   17.40998
38.15   17.89010
38.50   17.02569
38.85   17.51873
39.20   17.33262
39.55   17.20679
39.90   17.71691
40.25   17.61918
40.60   17.84994
40.95   17.74133
41.30   17.63850
41.65   17.43254
42.00   17.05536
42.35   17.45267
42.70   17.24269
43.05   16.93865
43.40   17.39916
43.75   17.05772
44.10   17.08338
44.45   17.47746
44.80   16.86724
45.15   17.61123
45.50   17.66148
45.85   17.13184
46.20   17.37866
46.55   17.49042
46.90   17.78777
47.25   17.48746
47.60   17.22841
47.95   16.79239
48.30   17.34886
48.65   17.07277
49.00   17.31454
49.35   17.57845
49.70   17.46948
50.05   17.89208
50.40   18.08009
50.75   18.13833
51.10   17.93684
51.45   17.71917
51.80   17.97858
52.15   17.93809
52.50   18.03638
52.85   17.53499
53.20   17.10898
53.55   17.36756
53.90   17.37964
54.25   17.57444
54.60   17.37191
54.95   17.83047
55.30   17.90006
55.65   17.55931
56.00   17.52938
56.35   17.92383
56.70   17.58097
57.05   17.41380
57.40   16.80038
57.75   17.53854
58.10   17.24897
58.45   17.12137
58.80   17.64162
59.15   17.69320
59.50   17.25642
59.85   17.49966
60.20   17.40038
60.55   17.55665
60.90   17.21995
61.25   16.91293
61.60   17.90333
61.95   17.61789
62.30   17.93792
62.65   17.48306
63.00   17.82692
63.35   17.15632
63.70   17.30578
64.05   17.68121
64.40   17.33277
64.75   17.33415
65.10   17.34668
65.45   17.57957
65.80   18.08027
66.15   18.29450
66.50   18.03030
66.85   17.74228
67.20   17.86011
67.55   18.08142
67.90   18.03427
68.25   17.93912
68.60   17.55271
68.95   18.35183
69.30   17.98764
69.65   17.89429
70.00   17.96511
70.35   17.53661
70.70   17.17919
71.05   17.00731
71.40   18.01976
71.75   18.26517
72.10   18.47384
72.45   18.57912
72.80   16.78105
73.15   17.25322
73.50   17.76097
73.85   17.72853
74.20   17.49023
74.55   17.32672
74.90   17.56960
75.25   17.27383
75.60   17.73842
75.95   17.50502
76.30   17.46135
76.65   18.05087
77.00   17.81733
77.35   17.30307
77.70   17.69373
78.05   17.40321
78.40   17.25802
78.75   17.37693
79.10   17.19467
79.45   17.47625
79.80   17.17891
80.15   16.89114
80.50   17.57972
80.85   17.59949
81.20   17.75567
81.55   16.73311
81.90   17.62657
82.25   17.37804
82.60   17.65019
82.95   17.37048
83.30   17.55236
83.65   17.52967
84.00   17.56893
84.35   17.23527
84.70   17.67898
85.05   17.49288
85.40   17.14624
85.75   17.09556
86.10   17.85066
86.45   17.70964
86.80   17.40853
87.15   17.28470
87.50   17.58000
87.85   17.30500
88.20   17.45743
88.55   17.47431
88.90   17.36124
89.25   17.00551
89.60   17.52502
89.95   17.05176
90.30   17.69544
90.65   17.92390
91.00   17.86960
91.35   17.39682
91.70   17.42666
92.05   17.43651
92.40   16.94419
92.75   17.42967
93.10   18.04235
93.45   17.61752
93.80   17.90600
94.15   17.49351
94.50   17.46481
94.85   17.68485
95.20   17.30092
95.55   17.42880
95.90   18.28955
96.25   17.43307
96.60   17.85930
96.95   17.31717
97.30   17.62306
97.65   17.51589
98.00   17.23132
98.35   17.56959
98.70   18.26826
99.05   17.69794
99.40   17.85953
99.75   17.97066
100.10   17.73495
100.45   17.77632
100.80   17.64537
101.15   17.64424
101.50   17.44523
101.85   18.54687
102.20   18.51445
102.55   17.86853
102.90   18.29571
103.25   17.80663
103.60   18.24675
103.95   17.91700
104.30   17.66541
104.65   17.91854
105.00   18.13970
105.35   18.26210
105.70   18.50419
106.05   18.00709
106.40   18.01302
106.75   18.01545
107.10   18.16186
107.45   18.33931
107.80   17.74183
108.15   18.04326
108.50   18.17533
108.85   18.55526
109.20   18.42885
109.55   18.02419
109.90   18.38342
110.25   17.83178
110.60   17.93466
110.95   18.27337
111.30   18.03065
111.65   18.49120
112.00   18.18797
112.35   18.21371
112.70   17.97727
113.05   18.55027
113.40   17.81739
113.75   18.02007
114.10   17.84030
114.45   18.39694
114.80   18.36216
115.15   18.51236
115.50   18.26878
115.85   18.22920
116.20   17.93663
116.55   18.13918
116.90   17.40989
117.25   17.97898
117.60   17.66231
117.95   17.32759
118.30   17.88045
118.65   18.64447
119.00   18.36384
119.35   18.53445
119.70   17.96965
120.05   17.75934
120.40   18.03777
120.75   18.10412
121.10   18.03243
121.45   17.22613
121.80   18.05313
122.15   18.07619
122.50   17.94253
122.85   18.13501
123.20   18.21389
123.55   17.80207
123.90   17.27628
124.25   17.79573
124.60   18.15905
124.95   17.75002
125.30   17.45400
125.65   17.70541
126.00   17.80337
126.35   18.34894
126.70   18.14151
127.05   17.92336
127.40   17.71891
127.75   17.61852
128.10   17.53945
128.45   17.68152
128.80   17.75815
129.15   17.73853
129.50   17.84718
129.85   17.45210
130.20   17.60026
130.55   17.65835
130.90   17.95197
131.25   17.33593
131.60   17.54960
131.95   17.70082
132.30   17.73648
132.65   17.23204
133.00   18.77880
133.35   18.28039
133.70   18.20943
134.05   18.43872
134.40   18.21056
134.75   17.75311
135.10   17.63823
135.45   17.81751
135.80   18.46967
136.15   18.02419
136.50   18.13563
136.85   17.80211
137.20   17.90505
137.55   17.69784
137.90   17.39849
138.25   17.62103
138.60   17.69186
138.95   18.23807
139.30   17.58202
139.65   18.69703
140.00   18.55480
140.35   17.84495
140.70   18.45908
141.05   17.99103
141.40   18.09655
141.75   17.99385
142.10   17.81600
142.45   17.55034
142.80   17.67031
143.15   17.81459
143.50   17.73722
143.85   18.00729
144.20   17.91417
144.55   18.01877
144.90   17.52298
145.25   17.89245
145.60   17.88281
145.95   18.23552
146.30   18.25491
146.65   17.98038
147.00   18.40891
147.35   17.67803
147.70   17.43180
148.05   17.67892
148.40   17.66232
148.75   18.39022
149.10   17.78122
149.45   17.69932
149.80   18.26024
150.15   17.79817
150.50   18.60085
150.85   18.33238
151.20   18.35858
151.55   17.60035
151.90   18.23256
152.25   17.94431
152.60   17.68438
152.95   17.26747
153.30   17.91428
153.65   17.72691
154.00   17.38044
154.35   17.21917
154.70   17.81937
155.05   17.23271
155.40   17.10380
155.75   17.54296
156.10   17.41757
156.45   17.41636
156.80   17.70107
157.15   17.87570
157.50   17.87861
157.85   17.69269
158.20   17.77772
158.55   18.02812
158.90   18.08503
159.25   18.37644
159.60   18.27388
159.95   18.15562
160.30   17.91695
160.65   18.22678
161.00   17.95318
161.35   17.90735
161.70   18.00318
162.05   17.87217
162.40   17.99478
162.75   17.73250
163.10   17.93832
163.45   18.10754
163.80   18.31678
164.15   18.31058
164.50   17.70381
164.85   17.42392
165.20   18.19470
165.55   17.34514
165.90   18.03784
166.25   17.75324
166.60   18.48405
166.95   18.48364
167.30   17.45966
167.65   17.79009
168.00   17.48040
168.35   17.67315
168.70   17.84351
169.05   18.02583
169.40   17.81660
169.75   17.81774
170.10   17.54709
170.45   17.65115
170.80   17.75506
171.15   17.88904
171.50   17.77690
171.85   17.63676
172.20   17.25580
172.55   17.62921
172.90   17.49431
173.25   18.03913
173.60   17.96731
173.95   17.98676
174.30   17.90270
174.65   18.60698
175.00   18.12272
175.35   18.06324
175.70   18.47615
176.05   17.97462
176.40   18.28965
176.75   18.43117
177.10   18.25213
177.45   17.72545
177.80   18.06595
178.15   17.94082
178.50   17.57592
178.85   18.11314
179.20   17.95837
179.55   17.37140
179.90   17.76336
180.25   17.84511
180.60   17.99304
180.95   17.82203
181.30   17.92768
181.65   18.57609
182.00   17.72621
182.35   18.02619
182.70   17.40031
183.05   17.77977
183.40   17.98651
183.75   17.95006
184.10   17.29788
184.45   17.11878
184.80   17.66368
185.15   18.21688
185.50   17.84839
185.85   18.06872
186.20   18.07396
186.55   17.71910
186.90   17.60222
187.25   17.70477
187.60   17.76971
187.95   17.54009
188.30   18.12810
188.65   17.87238
189.00   17.40644
189.35   17.74278
189.70   17.94130
190.05   17.75181
190.40   17.91942
190.75   17.83534
191.10   17.59929
191.45   17.60710
191.80   17.19289
192.15   17.63227
192.50   17.64945
192.85   17.81848
193.20   18.14157
193.55   18.03866
193.90   17.96738
194.25   18.31440
194.60   17.82595
194.95   17.95631
195.30   17.55404
195.65   17.81530
196.00   17.69914
196.35   17.44059
196.70   17.73738
197.05   17.54588
197.40   17.06716
197.75   17.22443
198.10   17.75960
198.45   17.75065
198.80   17.51230
199.15   17.75737
199.50   17.94680
199.85   17.74398
200.20   17.61619
200.55   17.52881
200.90   17.97742
201.25   17.43918
201.60   17.73388
201.95   17.75315
202.30   17.76739
202.65   17.81940
203.00   17.10828
203.35   17.30175
203.70   17.53715
204.05   17.62104
204.40   17.81740
204.75   17.55334
205.10   17.73425
205.45   17.90525
205.80   18.02915
206.15   17.76183
206.50   18.33449
206.85   17.89808
207.20   17.53580
207.55   18.20223
207.90   17.67436
208.25   17.61164
208.60   18.02750
208.95   17.46627
209.30   18.27106
209.65   18.20761
210.00   18.36083
210.35   18.06063
210.70   18.02130
211.05   17.86402
211.40   18.13578
211.75   17.64073
212.10   18.16938
212.45   17.39034
212.80   18.11385
213.15   17.33429
213.50   17.16074
213.85   17.87656
214.20   17.35997
214.55   17.45322
214.90   17.26033
215.25   17.93576
215.60   18.03847
215.95   18.08964
216.30   17.85176
216.65   18.09590
217.00   17.71198
217.35   18.52100
217.70   18.41764
218.05   17.65507
218.40   17.81437
218.75   18.02608
219.10   17.01520
219.45   17.28104
219.80   17.26443
220.15   17.76708
220.50   17.25185
220.85   17.23807
221.20   17.44021
221.55   17.19332
221.90   17.64621
222.25   16.99332
222.60   17.43203
222.95   17.21519
223.30   17.05426
223.65   17.12353
224.00   17.70270
224.35   17.23464
224.70   17.13243
225.05   17.03563
225.40   17.64906
225.75   17.91024
226.10   17.49534
226.45   16.87530
226.80   17.75887
227.15   17.78284
227.50   17.60813
227.85   17.54043
228.20   17.51291
228.55   17.42600
228.90   17.52985
229.25   17.36250
229.60   18.18948
229.95   17.41101
230.30   17.76256
230.65   17.78117
231.00   17.66531
231.35   17.56422
231.70   17.79370
232.05   17.79724
232.40   17.94068
232.75   18.20634
233.10   18.80915
233.45   17.60803
233.80   17.72892
234.15   17.12947
234.50   17.75688
234.85   17.81486
235.20   17.90645
235.55   17.96988
235.90   18.17292
236.25   18.25301
236.60   18.46496
236.95   18.44072
237.30   18.00717
237.65   18.08483
238.00   18.04148
238.35   18.29582
238.70   17.67695
239.05   18.37395
239.40   18.49717
239.75   18.40033
240.10   18.00822
240.45   18.24058
240.80   18.17967
241.15   18.41064
241.50   17.94322
241.85   17.71545
242.20   18.17081
242.55   18.05781
242.90   17.91931
243.25   17.85195
243.60   18.25206
243.95   18.06170
244.30   17.97251
244.65   18.17365
245.00   17.76610
245.35   18.49303
245.70   18.12631
246.05   18.19507
246.40   18.43711
246.75   18.56079
247.10   18.73365
247.45   18.84309
247.80   18.30135
248.15   18.40978
248.50   18.59459
248.85   18.27922
249.20   18.35616
249.55   18.04466
249.90   18.34008
