22.466747
21.535659
22.901530
22.913561
23.853988
25.498343
25.254879
24.137292
24.160085
25.576175
21.669634
22.304861
21.049974
21.762481
20.249901
20.828747
21.042291
24.132464
22.474928
24.375629
24.442606
24.845717
25.542870
23.290925
24.208410
24.913673
24.819317
24.888419
25.712628
25.827176
26.183862
24.784224
25.222151
25.271213
26.395859
25.978574
26.320408
24.681508
24.989074
25.542119
25.115029
25.400543
25.585275
25.894892
25.111999
24.291909
25.439883
26.110006
25.597307
25.297239
24.900708
25.592972
24.269211
26.298930
25.791090
26.318522
25.301599
25.169405
25.356853
25.259572
25.151133
25.238521
25.060460
26.036903
25.869818
25.842580
25.909120
25.508025
24.506229
25.639710
25.383675
25.847478
25.244893
25.060804
25.467165
25.560345
25.554041
25.525412
25.912314
25.402299
24.472030
24.737578
24.270239
24.317902
24.559505
24.477525
24.830749
25.306811
25.099659
25.279779
26.000811
25.885110
25.834931
25.747412
25.644602
25.917197
25.382072
24.560343
25.563171
25.585303
25.635387
25.795554
25.617308
25.073874
25.656256
25.184533
25.356664
25.528303
25.307318
25.616298
25.255564
25.826220
24.776844
25.813232
24.900335
25.835141
25.647342
26.188406
24.561116
24.574040
24.968789
24.784872
25.210358
25.237366
25.080312
24.956325
25.151117
24.896247
25.212822
24.740442
25.554406
25.095124
25.951884
25.170315
25.813383
25.467602
25.111709
25.241087
24.557522
24.153252
24.782791
24.993571
24.913741
25.010239
24.886356
25.112273
24.925376
25.248140
25.245199
24.309620
26.622526
26.074642
24.585729
24.872427
25.607858
25.612128
25.795841
25.596243
25.729710
25.613163
25.175168
25.548564
25.326923
25.664564
25.811370
25.394854
25.994150
24.783813
26.081450
25.378755
25.255498
26.143844
25.644590
25.911687
25.690159
26.018390
25.354250
25.425541
26.006123
25.329197
26.061229
25.662203
24.841776
25.505923
25.547260
25.491469
25.390916
25.474947
25.753532
25.385385
25.520778
25.885369
25.971150
24.973874
25.457872
25.648736
25.775178
25.240938
26.102409
25.606196
24.809972
24.764444
25.039047
24.205459
25.036984
25.190896
24.996854
24.684629
24.945085
24.689369
24.611967
24.878542
25.060496
25.668664
24.599579
25.330192
25.995299
25.147444
25.510403
25.433473
24.595278
25.579531
25.260743
25.801990
25.574384
25.785285
25.009698
25.562544
25.191087
25.188948
24.921848
25.076489
25.668669
25.406869
26.011527
25.876617
26.391622
25.936488
25.324891
25.837522
25.196175
25.256708
24.983503
25.814570
25.582622
25.870603
26.141764
25.647773
25.636334
24.599258
25.250782
25.416679
25.483454
25.292846
25.983516
25.075695
25.378158
25.408561
25.087803
25.269258
24.941549
25.143863
23.527006
25.479386
25.157454
24.806010
24.886769
25.351530
25.073641
25.132655
25.994887
26.235807
25.586323
25.094493
25.704121
25.864947
25.571243
25.795993
26.130488
25.705694
25.360854
25.010411
25.685674
25.403613
25.382866
25.989021
25.760964
25.055307
25.943319
25.118330
25.443460
25.024344
24.518861
24.844414
25.473349
24.719209
24.021706
25.466772
24.491181
24.667942
24.540477
24.853030
25.676075
24.729412
24.350239
25.023573
25.025056
25.283506
25.470034
25.100471
25.510402
25.662204
26.366630
25.748811
26.011846
26.023959
25.737269
25.940773
26.423106
26.254253
26.352263
27.250429
26.751515
26.004116
26.212822
24.797945
26.036214
25.820573
25.821873
25.362574
24.827536
25.986944
25.440241
26.024871
26.713075
26.046852
25.580480
25.810254
25.983541
25.113170
25.553883
25.482922
24.743597
24.968910
24.924187
24.811489
25.358690
25.504148
25.328719
24.487916
25.038318
24.564845
24.572520
24.615694
24.571131
25.219711
24.982046
25.311569
24.523960
25.153084
24.482725
25.037170
25.287322
25.040171
24.825116
24.831175
25.133525
25.538266
25.226058
25.750618
25.544675
24.879515
25.309025
25.329438
25.035410
24.717425
25.882197
25.816685
25.427116
25.209504
25.314401
25.003618
26.010382
25.405377
24.728005
25.082264
25.132095
24.434093
24.247107
24.204073
24.714552
24.675481
24.788806
25.298378
24.625658
24.304440
24.197433
24.001629
25.575448
25.107214
24.701187
25.155580
25.184364
24.809569
25.169665
24.835145
26.087118
24.650429
25.075614
24.143116
24.716627
24.956978
24.889367
24.563983
25.046747
25.022442
24.239277
24.462962
24.303653
24.657137
24.291517
25.053137
24.379262
24.421147
24.033699
24.969129
25.264376
25.869173
24.781312
24.331836
26.047339
25.710222
24.194344
24.435062
23.928493
24.158514
24.130129
24.698149
24.947302
25.242014
25.012632
25.409525
25.685207
24.973362
25.198318
25.197931
25.257221
25.219410
24.532418
26.079373
25.417997
25.276420
25.607303
24.878797
24.972123
24.832989
25.483103
25.111620
25.412978
25.380344
25.606058
25.134467
25.649799
24.832202
24.794665
25.345672
25.269400
25.365373
24.681998
24.644038
25.061320
24.914385
25.102357
24.977001
24.615763
24.961200
25.150293
24.928628
25.278650
25.442553
24.756026
25.451364
24.917414
25.269163
24.799620
25.037603
25.073596
24.729198
24.798443
24.303818
25.234085
24.686676
24.921867
24.981442
25.132364
25.962520
25.094070
24.507838
25.125088
24.777829
24.786832
25.009397
24.860330
24.883015
24.414005
25.214667
24.670972
25.257728
25.307446
25.130743
24.873772
25.094718
25.601035
24.927574
24.971750
24.475522
24.378622
25.386199
25.380811
25.270136
25.068033
25.584823
25.421827
24.214006
25.598137
25.472276
24.925471
25.087769
24.820224
25.626464
24.895259
25.357496
24.980773
24.810236
25.921562
24.991258
25.711379
24.975621
25.680456
24.466498
24.783385
24.848809
25.426333
25.172839
25.097608
24.550901
25.100728
25.343957
24.816710
25.549086
25.070099
25.064094
24.913615
25.118422
25.001773
25.677973
25.535010
24.356889
24.894155
25.443050
24.834672
25.489752
24.499148
25.089462
24.543504
25.001173
25.036853
24.815264
24.903615
25.109984
25.664293
25.128039
25.497499
24.972926
25.524194
25.295943
25.375044
25.467566
25.271256
25.342290
25.261810
25.433127
25.216917
25.047758
25.393877
25.460056
25.412863
25.069197
24.877999
25.001567
25.358876
24.922221
25.151572
25.419061
25.391705
25.425506
25.565336
25.390390
25.442206
25.361736
25.385428
25.473489
24.896181
25.376868
25.455622
25.409965
25.155889
25.745587
25.390723
25.380297
25.164961
25.443724
25.301502
24.969344
24.894128
25.207415
24.923530
25.955617
25.683220
25.237922
25.065441
25.037611
25.688528
25.102001
24.763755
25.063554
24.917815
25.744557
25.133406
25.388930
25.017208
25.318010
25.520891
25.420913
24.978041
25.709980
25.370976
25.403345
24.276284
24.926343
24.722424
25.231635
25.414924
25.209698
25.575464
25.184476
25.723850
24.879942
25.162513
25.627038
25.401250
25.381788
25.749849
25.684680
25.716132
25.902391
24.797684
25.614463
24.995040
25.820782
25.119804
25.834117
25.415808
24.878931
25.606695
25.246707
24.819252
25.471617
24.506395
25.002754
24.851950
25.815978
24.956932
25.276152
25.232923
25.219704
25.289405
25.469850
25.616824
25.568607
25.116456
25.324380
25.274325
24.655302
25.378047
25.022224
25.287321
25.126275
25.490783
25.293678
25.431026
25.044890
25.462544
25.716820
25.715663
25.776080
25.667846
25.477631
25.048436
25.335678
25.683672
25.197543
25.818288
25.726105
25.236043
25.737427
25.770340
25.509463
25.135627
24.962434
25.006675
25.418607
25.309955
25.357933
25.690206
