29.434956
28.759983
29.434869
29.047864
30.004425
29.389583
29.443425
28.951660
27.093093
28.227799
27.648081
28.862170
27.837667
26.510806
26.647986
28.986507
29.569937
29.870776
30.980712
29.087331
27.823421
27.797643
26.757314
27.137519
27.109194
26.354195
26.385107
28.228807
26.294900
27.259161
26.964956
28.124245
26.454717
26.211724
26.405015
25.953204
26.198779
26.582514
25.895885
26.689325
26.943199
26.464293
27.327273
27.104489
28.256387
27.615606
26.150089
27.621414
27.177684
27.340830
27.579085
27.176403
27.327207
27.094921
27.910779
27.653314
27.552535
28.009669
27.183105
28.089906
27.445347
28.106772
26.443552
27.212403
25.928860
27.074840
25.924721
26.472032
26.628457
28.101139
28.187093
27.821822
26.132151
27.213559
27.133882
27.811304
28.633538
26.899362
28.590745
26.984514
28.738882
28.569594
28.155937
27.799483
27.761782
27.642727
27.955421
28.640076
26.039854
27.952808
27.409864
27.031435
28.492305
26.992444
26.119274
26.441696
27.441567
26.681496
27.470177
27.106595
27.203138
26.373087
27.310859
27.675798
27.520783
27.447825
27.366696
27.839729
27.186653
27.410301
26.842934
27.727791
26.513331
28.014846
27.338304
27.424008
27.170126
26.822246
28.157187
27.660569
27.269464
27.329938
28.022020
27.666098
26.612559
26.963110
26.916751
27.933636
27.583795
26.836261
26.517496
27.339418
27.317647
26.246525
27.963440
26.732690
27.655950
27.463144
27.401829
26.365132
27.350348
26.780996
26.802883
27.666705
26.182502
26.774649
26.276848
27.664025
27.658708
26.024497
27.166417
26.651061
27.269346
26.103824
25.068594
25.093969
25.024722
24.970431
24.728716
25.024857
24.990255
25.362047
25.787581
26.470314
27.535661
27.095665
27.150490
26.337669
27.429071
27.469572
28.281483
26.484215
26.604000
26.969061
27.584106
26.315863
27.170866
28.129854
27.518642
27.170609
27.285899
28.014362
27.373757
27.513297
27.583383
28.438346
28.489328
27.776439
27.238819
27.019230
27.363458
26.948654
27.248282
26.484832
27.084439
27.026532
25.917697
27.139620
28.209785
27.181596
27.274553
26.807229
26.692492
26.951899
27.993354
27.424113
27.240975
27.569846
27.697453
27.951954
28.278776
28.034022
28.329150
27.641763
27.997892
27.332673
27.686339
27.821632
26.605260
27.438812
27.994142
26.979295
27.207628
27.128233
27.662954
28.053610
27.379824
27.837331
27.469191
28.468778
27.996697
27.273120
28.174036
28.599286
28.198177
28.163307
27.136483
27.170564
27.192776
26.600344
26.835027
27.340270
27.945322
27.235392
27.566938
28.175374
27.727615
28.163449
28.266477
27.827346
28.050357
27.824191
27.040728
27.163474
27.706337
27.195671
26.972952
28.237748
28.859661
28.498371
28.669687
27.798804
27.764387
27.377094
28.487362
27.259800
28.132676
27.134600
27.159197
27.508471
26.899273
28.059608
26.935868
28.028567
28.436074
27.204987
27.930128
28.129630
27.932731
28.111364
27.479237
27.005252
26.332150
26.046418
26.765378
26.942973
26.434822
27.505389
26.879431
26.050336
27.197275
27.472297
27.529844
27.359391
26.646750
28.170545
26.584986
27.281242
27.385714
27.841427
27.562054
27.826427
28.333037
27.489234
27.971737
27.711649
28.349270
27.124188
26.994098
27.895820
27.319876
27.118833
27.474680
28.040195
27.754117
27.671477
27.463875
27.453357
27.437899
26.872124
26.922084
27.398522
27.033152
27.603771
27.217028
28.125102
27.218034
27.718984
26.661321
26.866524
27.437754
27.851771
27.114136
26.901639
27.692076
28.001498
26.924562
26.862818
27.072610
26.599383
27.519490
27.908182
27.884200
27.226800
27.985712
27.682081
27.523488
27.092487
28.636801
26.735911
28.064927
27.436470
27.890465
27.573192
27.493010
27.176850
27.351464
27.625906
27.233995
27.879220
27.710708
27.715813
27.202437
27.851414
27.314761
27.164190
27.483961
27.871010
26.818706
27.528110
27.594123
28.131088
27.672276
27.711931
27.722532
27.607573
28.014918
27.481816
27.439964
27.636255
27.570748
28.052106
27.590172
27.572920
28.276579
27.819618
28.232969
28.320982
27.802745
26.672058
28.008379
27.506640
27.489565
27.856778
27.254995
27.924637
27.857230
27.207488
27.359453
29.160070
27.629574
26.760611
28.275179
25.854733
26.342445
25.616284
26.768942
25.256099
24.631924
27.826947
27.917303
27.335061
26.397047
27.261558
27.919427
27.507071
28.184608
28.367136
27.807435
28.151262
27.754771
27.885607
27.823100
28.696841
28.112283
28.692090
27.779903
27.071138
27.332403
27.479872
27.377405
27.279700
26.332763
26.621194
25.173397
27.762256
27.758865
26.000534
26.843960
27.345923
27.612183
26.707662
26.852097
26.548020
27.570802
27.392005
26.263935
25.582441
26.660092
26.902573
26.806561
27.355923
27.313734
27.039479
27.965434
26.890920
26.270908
27.090380
26.687009
26.816697
29.055187
27.219718
27.304049
26.833965
27.609346
27.556261
27.275248
28.021953
24.339309
27.080652
25.071180
24.381505
26.405009
25.350484
27.749777
28.193496
28.218247
27.939225
27.880273
27.616453
27.654863
27.454362
28.127981
28.151263
28.035542
27.753285
28.363905
27.314390
28.220672
27.000340
27.853653
27.922306
27.054570
26.717421
27.578611
27.009965
27.132231
27.470633
28.054733
27.595652
26.810237
26.912685
27.555659
27.154647
27.465545
27.397545
27.205400
27.335042
27.891560
27.981066
27.933493
27.728777
29.533966
27.969384
28.126051
27.676139
28.533252
27.789840
27.180077
27.703041
27.515060
28.331885
25.528858
27.728715
28.489825
27.731908
27.578981
27.423275
27.673802
28.305571
28.133557
27.065020
28.505537
28.409366
27.120705
26.210797
27.405062
27.884990
27.459291
27.043812
28.675970
26.105277
26.620088
27.783813
27.400417
25.387520
28.338107
27.667186
27.528242
29.209500
29.092743
29.170122
29.629774
30.140498
30.684326
28.487197
29.480504
29.641866
29.206796
28.065400
29.387766
29.135169
29.317394
30.297558
30.255231
28.975797
30.983459
29.400246
29.038152
28.644913
29.763835
29.175815
29.051301
30.541065
28.253709
29.011188
28.341864
29.076206
28.465262
28.654899
29.258593
29.134247
28.361100
27.935126
29.237942
29.470182
28.978441
27.737643
28.007808
28.805042
28.251428
28.533207
27.815805
27.679216
27.756180
26.669892
26.122493
27.541109
29.509184
29.399099
28.317960
28.983107
28.767303
27.845672
27.804139
27.835584
28.207546
25.364352
23.973847
23.245332
22.935832
23.249315
24.937496
25.343412
25.546205
26.821916
27.129082
27.945678
27.275376
27.577154
25.044171
25.610982
26.451180
26.141661
26.729980
25.688070
26.313362
28.071385
27.909200
26.574363
26.643723
25.024472
25.749596
27.529036
27.168661
27.940241
27.515012
27.648785
26.176957
26.139870
27.240661
26.652056
26.417050
26.334752
25.714016
27.792218
26.624340
27.139472
27.847912
27.410290
28.550965
27.664123
28.461857
27.982250
28.031465
28.144028
28.755915
27.629284
28.688024
28.000145
28.001873
27.769557
27.167558
28.571787
29.141170
27.989257
27.978603
27.751845
27.716854
27.662566
27.874422
27.186904
28.003050
27.138555
28.444677
26.508835
25.925351
25.030414
23.902874
24.922078
25.512678
24.811718
24.501698
24.638282
25.022894
24.681565
24.943492
24.334793
24.617065
25.232619
25.456763
24.359593
26.383277
26.815912
27.492467
26.489541
25.898097
25.954249
25.430861
27.932291
27.827511
25.056127
25.415523
26.019115
25.133462
24.094994
25.305359
25.772456
26.351925
26.562301
25.635816
25.641429
25.623154
26.051023
26.006390
