26.371372
26.263579
26.989844
25.932622
26.611280
25.927578
26.875465
27.094767
27.042302
27.560032
27.544676
26.649956
25.851297
25.558562
26.439804
25.576037
25.703478
26.512319
26.769471
26.258197
26.701593
25.979437
25.818184
26.826832
25.543212
27.127831
26.847785
26.963444
26.115824
25.862645
26.977148
27.295536
27.928767
27.103216
27.081530
27.126469
28.038175
27.224020
27.654383
26.714312
26.065781
26.224739
25.801171
26.224228
26.347497
28.169319
27.796714
27.424391
26.368465
25.500461
26.111412
27.084056
26.642188
26.523244
25.691104
26.513785
26.315702
26.759782
25.628403
26.805610
26.258192
27.242343
26.856939
27.732317
27.459560
27.198477
26.687004
26.763959
26.785607
26.819197
25.317888
25.616880
27.441515
27.438717
27.750254
27.182705
27.557388
26.903305
28.472127
26.722471
27.671258
26.386643
26.327547
25.529616
26.768504
26.535570
26.058636
25.623590
26.466631
25.871605
26.635590
25.286969
27.285375
26.313478
25.748981
25.634611
26.665171
27.613252
25.560124
25.494469
27.334012
25.817798
26.568345
26.389813
24.514705
25.862175
25.690833
25.467329
24.264249
25.564333
26.101879
26.918602
26.409396
26.833517
27.669759
27.033494
26.797931
26.464819
27.358042
26.631914
26.553099
26.574365
26.138011
24.662896
26.478397
26.761230
25.641741
27.972762
26.668716
27.211759
28.518568
26.381713
27.497510
27.547535
29.018877
27.084242
27.443740
26.670309
26.311802
26.158982
25.826956
26.291258
26.903863
26.328431
27.464369
28.385230
28.878045
27.835117
27.248298
28.686194
28.747443
28.447839
29.400472
28.214736
29.175607
28.925633
29.115517
29.608639
30.296948
29.161679
27.877549
28.743874
27.571007
28.023742
29.825689
31.753099
31.820563
32.324675
32.776179
32.943066
32.932457
33.697572
32.527495
33.267048
32.222655
32.227240
33.094475
31.814965
31.576325
30.650500
31.921472
31.976140
33.109765
32.101131
32.746206
30.546727
31.685418
29.902511
30.341818
30.741931
30.901192
31.251379
30.089925
27.449406
28.393585
28.068489
28.694997
28.237669
26.965705
29.036402
29.328965
28.237135
28.181583
28.323561
28.098469
28.337556
28.674635
28.874128
28.501374
28.603514
27.638238
26.495768
26.699815
25.567473
26.421074
27.641979
28.194134
28.117881
27.842673
28.556805
28.107063
28.555959
28.457395
29.073607
28.632621
28.258558
27.687214
27.842044
27.626898
27.868742
28.490841
28.632427
27.897239
28.036549
27.161781
27.661022
28.651001
28.220924
28.444914
28.184011
28.157733
27.854342
28.360204
27.708696
26.785063
27.701207
27.897579
27.135004
27.637783
26.799174
26.704040
28.043362
27.825286
28.318394
27.831873
28.016047
28.884349
27.035850
26.911564
27.569589
27.555794
27.657127
27.020303
27.154047
27.281742
27.291830
27.683809
26.665859
26.937422
28.278062
27.733179
27.551131
27.578235
28.146589
26.927739
27.346597
27.188215
28.663908
29.443771
29.000137
30.658523
28.788394
28.432902
28.264887
27.280640
28.000494
27.843471
29.113754
28.814476
28.113481
30.780782
27.926626
28.925687
27.837853
28.741525
28.109628
28.959830
27.568597
26.962716
28.265966
29.059001
28.732726
28.141215
28.845333
27.707540
25.900926
27.427840
25.021808
26.185208
24.486674
25.870331
25.150627
26.062847
25.974850
26.801250
25.728066
25.030718
24.816152
26.314300
25.861506
22.798767
23.486044
25.014245
25.219762
24.240014
24.886520
24.929688
26.488030
27.783700
28.826193
28.080418
26.385670
25.939196
25.987943
24.810214
25.210392
26.187907
25.254378
25.036021
25.832654
25.910691
27.846638
24.886186
24.740180
27.483996
26.614248
25.820476
27.013182
26.799518
26.750314
25.628687
26.553488
27.395411
27.381536
28.053471
27.246372
27.984405
25.818267
26.114878
26.330388
26.071428
27.019673
26.399325
26.361324
27.128833
27.195709
26.297636
26.852471
27.333664
27.145493
27.665310
27.722002
25.691428
25.705456
26.166179
25.849718
25.939453
25.664760
27.261694
26.558369
26.547792
27.038236
26.422363
26.415952
26.679735
25.495326
25.671838
26.244236
26.243769
25.855661
25.817860
25.740707
25.363147
25.475904
25.435316
25.112319
24.606443
24.782475
25.183266
25.849460
26.339122
25.937367
26.494677
25.618837
26.713145
26.293224
28.194987
26.202846
25.381470
26.361623
26.748854
26.352706
26.040346
26.649237
26.334006
26.851549
26.499126
27.020999
25.761944
26.707441
26.892491
26.904585
27.009609
26.108356
27.372051
26.893463
26.154559
26.358214
26.206410
27.181357
26.052541
26.219956
26.434610
25.395006
26.531012
26.445873
26.571646
25.679187
26.238761
24.981737
27.076307
27.159815
27.590421
26.652504
28.595514
26.744976
27.164707
26.702098
27.687485
27.281189
27.757425
27.435506
26.499400
26.656685
27.102809
27.897296
27.210660
27.709562
27.835710
28.291324
27.153271
28.419157
27.630230
27.797671
28.804985
26.882044
27.519952
26.879826
27.567512
28.236595
27.195348
27.364559
26.031708
26.655928
26.623520
25.697497
25.498347
26.795030
27.198974
26.227899
24.571183
24.353813
24.436533
25.084458
26.440096
25.237893
25.579667
25.935538
25.353115
25.874207
25.440928
25.852563
26.849956
26.886148
26.346021
26.379253
26.543731
25.759565
26.588193
25.919395
26.131902
26.324280
26.486337
27.348422
26.859463
27.166386
28.159912
28.735859
27.865905
27.999363
28.206983
27.235571
26.850767
26.746146
27.726373
26.588089
26.704159
25.859877
27.908149
26.718066
27.375829
26.898767
27.794853
26.295142
26.295929
27.211651
26.430143
26.687394
27.140707
26.688373
26.564579
27.742684
26.578419
26.577520
26.518275
27.521500
27.719030
26.005343
27.078330
25.388175
26.286751
26.576497
26.450219
26.346560
26.402255
26.531036
25.931899
27.539752
25.548646
26.068374
27.273845
27.468984
27.638299
27.214880
26.930066
28.113740
27.395015
27.806201
27.826322
27.370231
26.539573
28.223431
27.838679
27.232384
26.817610
27.266900
27.616968
26.498971
27.043506
26.635041
26.588471
26.987205
26.222838
27.995484
29.939023
29.735841
29.406815
30.662090
29.955080
29.688124
30.359639
28.141103
26.070383
26.743820
26.172099
26.583705
27.103819
25.840821
28.877859
28.569186
29.137564
27.275393
30.514657
30.543647
30.721698
30.318590
29.609282
30.408711
31.085105
31.269522
31.120580
30.980356
30.544959
30.471012
32.686797
31.976557
32.731071
31.703184
31.633994
31.408347
30.726677
30.940246
30.047207
31.444416
31.835486
32.708227
32.447403
32.290901
31.060409
32.491304
33.144068
32.692259
32.784099
33.084075
31.630183
31.994870
30.980724
29.721180
29.589834
28.945213
29.683693
28.832925
29.476192
30.776573
30.067241
29.234651
29.535766
29.649057
29.376619
28.939849
28.706672
28.843355
29.799597
29.744670
30.075556
29.898289
29.417173
29.535969
29.360493
29.554505
29.113442
29.093882
29.292339
30.103211
30.437751
29.492009
29.683850
29.362701
30.216469
32.036742
31.411046
29.281862
29.376169
28.484102
29.660529
28.000185
28.675066
29.060005
30.162834
32.554007
31.763699
30.903928
30.131413
30.023916
31.926428
32.529851
31.274915
31.113050
33.130021
32.713669
27.405435
27.589848
26.258470
27.862530
27.818492
29.301078
28.089291
29.030994
31.004068
29.409420
29.350427
27.253213
27.751972
29.936469
29.729337
28.481062
31.506732
29.290242
30.412600
29.245035
29.706158
29.911398
29.831532
29.581317
29.728406
30.535003
30.709005
29.644881
27.958971
29.123167
29.916625
30.199977
30.276817
30.374620
28.874928
