24.452532
24.255402
23.703844
25.506115
24.150927
24.766924
23.667674
25.171139
25.537125
24.163842
24.418209
23.207713
24.832100
23.981089
25.074804
24.291266
22.659376
24.669197
25.107244
24.705373
25.133910
25.341586
25.153159
23.303046
24.078338
24.642841
25.222694
23.886551
24.866719
24.435961
22.735177
24.238873
24.088736
25.669874
24.616466
25.357153
25.473225
26.160240
25.181001
25.559216
25.139016
24.871859
23.728502
25.228706
25.006697
26.013350
24.456738
25.565128
24.363154
25.716249
25.292465
24.912223
25.983790
25.336825
26.937683
25.895693
24.642445
24.158608
25.319951
25.386570
25.181450
25.836305
24.015196
25.823714
25.549465
26.282528
25.593533
25.779549
25.438558
25.927524
25.574769
25.041302
24.634101
25.806062
25.356933
25.762017
25.996665
25.467631
25.811745
26.365434
25.896004
26.023767
25.825064
25.917786
25.556318
25.069037
24.986200
25.694431
24.646810
25.065945
25.274097
25.325742
25.671962
25.428717
25.788290
24.930518
25.259990
25.151238
25.126995
25.499769
24.967221
25.346909
25.466048
26.184563
25.763758
26.224923
25.505841
24.905389
24.965350
25.994816
25.747903
25.945865
24.846408
24.372536
25.145197
25.840807
26.286948
25.575985
25.653721
25.438205
25.708870
24.941705
25.364820
25.048262
25.415299
25.016839
26.074969
25.038116
26.112748
24.874034
25.084483
25.168416
25.012029
24.225509
25.999621
25.712416
26.221554
26.303221
24.868196
25.094677
25.492910
25.082515
24.838667
25.564089
25.660302
26.303779
25.538279
25.856304
25.792947
25.400996
25.320414
25.445741
25.863270
26.245173
26.150011
26.622606
25.850285
25.818322
25.859740
25.465632
25.445964
25.653462
25.764372
26.089097
25.065877
25.779072
25.575996
25.202398
25.798228
25.850675
25.652418
25.501613
24.662711
25.758876
25.755130
25.061729
25.140177
25.730557
24.516612
24.744266
24.323805
24.858823
24.331830
24.709769
25.278965
23.425321
25.025607
26.069034
25.916372
23.958138
24.676571
25.386085
24.590159
24.819100
23.902421
23.588218
24.368197
23.989008
24.466552
24.089855
23.643998
23.377931
23.362076
24.202066
24.917862
25.060978
25.782458
25.689538
25.683614
26.005730
25.216073
25.982138
24.553269
24.558031
24.760685
25.052560
24.927191
24.793018
25.422603
24.729627
25.166135
25.712310
24.775235
25.385943
25.659445
25.076978
24.884594
24.500096
25.014648
24.990399
24.793410
25.109336
25.557510
25.083396
25.212564
25.294120
25.076621
24.437286
24.665393
24.530666
24.903372
24.172363
24.794416
24.466925
25.104725
24.911753
25.357499
24.812053
25.353919
24.843756
24.131613
25.138857
25.314671
25.091779
25.416040
24.816726
25.162580
25.005724
25.152577
25.819518
25.404326
25.051162
25.119093
24.900718
24.815979
25.115278
24.425553
24.224589
25.083562
24.547944
24.074188
24.479078
24.805124
24.846200
25.101674
24.604432
24.498006
23.659486
23.684816
24.329655
24.668032
22.984341
24.555095
23.596834
25.018369
23.927198
24.908061
24.674386
24.920141
24.564537
25.136485
25.544381
24.918532
25.392056
25.275784
24.955613
24.916708
25.021978
24.752765
25.145871
24.680652
25.231288
23.885882
23.992845
24.443562
23.501911
24.329791
23.890650
24.698699
23.448198
23.848768
24.000832
24.320361
25.386238
24.704297
24.576023
24.366298
24.193759
24.481849
25.295964
23.640260
24.207380
25.085784
24.784039
23.867259
24.455324
24.278404
24.470428
24.037981
24.537982
23.831819
25.051208
24.332128
25.392191
24.949540
24.818339
24.292962
24.876371
24.151739
24.712227
22.605397
24.552619
24.001772
24.612379
24.132844
23.527632
23.148461
23.995282
24.164460
24.464504
25.288033
23.516842
24.870283
24.562954
24.088541
23.867536
23.150152
23.807057
25.775188
24.923145
25.253901
24.602758
24.888116
25.143719
25.183929
25.495247
24.459974
25.348313
25.252753
24.415585
24.940555
25.301709
24.562876
25.297736
24.701999
24.944714
25.958630
25.175212
24.637083
25.240398
25.680973
25.454077
26.007765
25.631634
25.842490
25.665823
25.774372
25.938022
26.158198
27.240085
26.888766
26.572707
25.937214
25.392116
25.161954
26.275926
26.816490
24.975844
24.695027
24.875814
25.092657
24.018868
24.877584
25.095995
25.022657
24.104346
24.759204
24.822690
24.810858
24.266196
24.957661
24.304188
24.461930
24.164540
24.655267
24.104341
24.123565
25.121193
24.544565
23.994968
24.689865
24.625689
23.515789
24.158733
23.744236
24.015287
23.888515
23.844403
24.444784
26.065085
25.081300
25.534602
25.683002
25.467600
26.244754
25.429519
25.488139
25.425543
25.860936
25.503104
25.299560
25.571129
26.052889
25.721635
25.865711
25.438542
25.535925
26.201379
24.902192
25.462929
25.871023
25.314884
25.616077
25.954213
26.302463
26.004918
26.178163
26.016423
25.268300
24.617767
26.302036
25.477682
25.899624
26.108770
25.608551
25.460550
25.298186
25.698250
25.436435
25.859952
26.155042
26.154468
26.196445
25.201882
25.418561
25.039032
24.377189
25.373776
24.379950
25.057074
25.425992
25.834227
25.738866
25.755933
26.099604
25.294513
25.313974
25.442507
24.857359
24.662810
25.215020
24.958598
26.260354
26.230728
25.749376
25.368563
24.751939
24.856977
24.027352
25.495973
25.554449
25.429863
24.384455
25.158447
26.264897
24.943975
25.918701
26.150118
25.769653
26.168191
26.516446
26.619881
26.233476
26.165659
26.800966
25.237314
25.230253
25.057466
25.120525
25.454336
24.844181
24.795843
24.889347
24.748295
24.358559
24.602196
25.107485
24.885455
24.084445
26.297606
25.528119
26.318760
26.169039
25.995518
26.072012
25.849306
25.842324
26.194116
26.309120
25.716600
25.489215
26.132242
25.270551
25.141185
24.415314
24.305324
24.472604
24.802487
24.800737
25.330505
25.187375
24.517490
24.738306
24.631645
23.097511
24.798945
24.379908
24.836548
24.691480
24.818843
25.223759
24.868512
24.995384
25.203114
24.723587
25.418068
25.646671
24.210983
25.984389
24.801947
25.209558
25.409177
24.442258
25.169984
25.528730
25.629321
25.798134
25.784183
26.103457
25.442206
25.295834
26.187562
21.374513
23.220116
24.185106
24.669705
24.734033
24.839631
24.861286
24.712606
24.458450
24.608382
24.765457
25.199513
24.912335
24.915301
24.974633
26.113261
24.585345
25.471188
25.153079
25.610714
25.536276
25.747295
25.306863
24.557346
24.492162
25.386600
25.172318
26.299828
26.890816
26.787025
26.821887
24.895195
26.414884
27.064407
26.144872
26.571449
26.807758
26.039063
25.819365
26.263622
26.063488
26.667787
27.532084
26.197202
27.019597
26.962883
26.683044
26.858190
26.493667
26.546329
25.195624
25.197103
25.644543
25.828321
26.253944
25.630753
25.445834
24.885836
26.236330
26.050336
26.822703
26.449921
25.940817
25.732634
26.863812
25.998883
25.603240
25.456159
25.556942
25.484367
25.119736
25.182022
25.448213
25.122370
25.132331
26.101094
25.391639
25.664256
25.514316
25.829064
25.829313
25.864090
24.966217
25.968912
25.115371
24.844743
25.164489
24.926300
24.319897
24.792734
25.604168
24.737871
25.484354
25.358175
25.393021
25.255734
24.815486
24.963475
25.328021
25.031703
25.185253
25.875258
25.037160
24.035269
24.888807
25.264427
25.414507
25.283326
26.147219
26.643821
26.516756
25.258038
25.410874
25.774119
24.360251
24.451858
24.362831
24.434614
24.947685
23.923123
25.310032
25.466190
24.469011
25.698217
25.436595
25.363414
25.446748
25.164712
23.842121
24.524379
26.111923
26.066179
26.282020
