20.990759
18.630148
17.858456
18.270134
18.127098
17.475681
18.217901
19.324471
18.163216
21.838167
20.950641
18.694001
17.348115
17.693313
17.721859
17.516715
18.342454
18.752915
18.368436
17.825946
18.516313
20.145011
21.845341
21.229147
20.567149
21.923949
23.625439
21.750264
22.979974
23.971506
25.979265
26.154459
25.978080
25.213792
24.545054
24.749695
25.601082
25.297194
25.426258
25.324942
26.663033
26.617489
26.671139
26.669615
26.937997
26.600094
26.796904
26.729314
27.587701
26.232685
26.856514
27.286619
26.967953
27.088235
28.132193
27.133151
26.760834
26.745092
26.361400
26.611638
27.170499
27.776683
27.870907
28.293190
28.314598
28.929788
28.793690
27.064410
26.373074
26.167249
26.122495
25.504635
26.673248
26.750949
26.309828
26.848154
27.968543
26.441562
26.793674
27.003796
27.331140
27.586167
27.067354
27.225120
27.670082
27.300480
26.513675
27.794675
28.258412
27.375514
27.271339
27.087098
27.038465
27.400663
28.069932
27.887680
26.525931
26.528745
27.163751
27.837447
27.269558
27.406977
26.289235
26.444391
26.092594
25.935937
27.417564
27.530393
26.964107
27.058736
27.016158
27.161779
27.246597
27.007386
26.941396
27.249747
26.872937
26.901212
26.793618
27.273337
26.282170
26.955647
26.189794
27.339188
27.919058
27.202661
27.089353
27.843103
27.394888
28.996629
29.006250
28.151460
29.493961
28.200124
29.777844
29.397949
27.453576
28.539435
28.375697
28.513611
27.768996
29.289246
27.698040
28.475101
28.587835
28.361845
27.968615
27.927866
28.088585
28.560485
29.477065
28.868332
28.762196
28.540231
28.055555
28.080218
28.502235
28.042647
28.963338
28.628760
28.103664
27.836787
28.260214
28.160868
28.169007
28.387020
28.358671
27.656291
27.659118
28.184426
28.483099
28.842594
28.310570
27.924736
28.080335
28.628823
27.480469
27.449559
29.084605
28.294396
27.472437
27.196152
27.534190
27.299322
28.440310
28.280658
27.467504
28.199779
28.232749
27.615788
27.747157
27.896377
28.198912
27.412783
27.971099
27.878012
27.934282
28.384188
27.738381
27.820262
28.424898
27.904069
27.806527
27.724139
28.009791
28.172338
27.693986
27.450135
27.948118
27.684567
27.550472
27.398468
27.600838
27.605237
28.098097
28.044892
28.350224
28.057704
27.741328
27.689030
28.034269
28.279499
28.806123
27.406853
27.965629
28.494109
28.170590
28.548386
27.798494
27.693155
27.980716
27.220813
27.432854
27.297252
28.159589
28.179279
27.949276
27.736312
27.900068
27.991161
27.832017
28.458807
28.024201
28.363828
27.291585
27.402001
27.624416
27.744110
27.800836
27.647808
27.963447
27.726724
28.132407
27.489840
27.169683
27.983876
28.013052
27.694992
27.247661
27.541588
27.498799
27.886162
27.108171
27.587022
27.681579
27.948367
27.861531
27.679816
27.641220
26.853936
27.690774
27.955069
27.649148
27.664618
27.469176
28.243528
27.720209
27.103893
27.007609
26.995303
27.654575
27.762714
27.098590
27.075690
27.847255
27.609594
27.286559
27.172991
28.070551
27.693812
27.103595
26.803401
28.510070
29.011556
27.615806
28.172682
26.771363
27.810214
27.817839
27.782113
27.346561
27.524941
27.707801
27.267606
27.390208
28.126046
28.008622
27.384601
27.454906
27.910745
27.522989
28.267137
28.407755
28.256589
27.764432
27.784323
27.925409
26.984865
27.357636
27.807123
27.086368
27.636016
27.369284
27.962480
27.895624
27.762382
28.534615
28.092455
28.254916
27.619800
28.827638
29.060900
26.899138
27.424076
28.030402
27.394650
27.039645
27.876094
27.557517
26.845123
27.579635
27.146560
27.690629
28.083853
27.878230
27.667621
27.764879
27.479450
27.216533
28.085863
28.070979
28.014411
27.141516
27.179489
27.255494
27.739349
27.555967
27.064526
27.062271
27.101853
26.730111
26.613146
27.911823
26.827998
27.177534
27.262623
28.181026
27.603607
27.135974
27.261974
26.865227
27.384910
26.665664
26.903274
27.932925
27.629653
27.426097
27.108245
27.532666
27.079654
28.099369
29.626213
27.589475
27.426895
27.057452
27.069631
27.989024
27.386700
27.803230
27.315474
27.996411
27.075059
26.760904
27.177366
27.404967
27.291900
26.979753
27.508617
27.093252
27.424333
27.270382
26.523485
27.123979
27.523626
27.004720
28.807862
28.284104
27.853846
28.092077
27.423302
28.126878
28.905213
27.598141
26.931074
27.283940
27.679499
28.186273
27.505865
27.190207
28.213265
27.910623
28.332926
28.116758
27.730436
27.207801
27.348461
27.741724
27.269484
28.242338
26.460807
27.747089
26.508355
27.730885
27.265125
28.850153
28.251303
27.516280
27.864394
28.885154
27.646549
27.339891
28.270103
27.946019
28.037171
28.259577
27.376244
26.709138
26.221018
26.301369
27.355006
28.146048
27.685496
28.330393
27.184172
28.515789
27.171768
27.822891
27.232662
27.383883
28.588590
26.918044
27.904408
27.715804
27.409932
26.932441
26.961111
27.430191
26.800031
27.396814
27.805706
27.951092
27.862253
27.675452
28.486163
28.742272
28.942182
29.152497
27.432073
28.265267
28.985265
27.995481
28.092060
27.858078
28.205555
27.771503
27.802983
27.881271
28.060435
28.456821
27.970643
27.919931
28.064246
27.868646
27.885454
27.408935
27.318693
26.732899
27.275297
26.476568
27.807498
27.946512
27.609391
28.038047
27.039425
27.974055
28.089506
28.263097
27.209223
27.305125
27.758396
26.873514
26.863863
27.064005
27.033327
26.945491
27.707408
27.046783
27.129302
27.377828
27.387799
27.706810
26.592250
26.748916
26.688691
28.083200
27.507416
27.203686
27.010302
27.529748
27.764516
27.856503
26.926786
27.072821
27.297826
27.595906
27.846651
27.535829
27.277977
27.452584
27.430104
26.888004
27.586956
27.629686
27.870901
27.928063
27.286664
27.230805
27.183094
27.578554
27.140863
27.434030
27.709439
27.220149
27.064253
27.585287
26.968393
26.800646
26.879046
27.158241
27.521144
27.643697
27.006817
26.751308
27.636775
27.136869
26.686475
27.072510
27.112773
27.225283
27.191729
27.476180
27.663790
27.600066
27.318801
27.308211
27.780361
28.110307
28.026275
26.957158
27.231433
27.566706
26.268715
27.278180
27.295539
26.799440
27.963066
27.220277
27.609842
27.935094
27.995454
27.772142
27.074749
27.103643
27.094191
26.986565
27.646520
27.323004
27.039614
27.322084
26.891302
26.350855
27.370024
26.958181
26.249769
26.690076
26.882838
27.345722
25.990853
26.924222
26.818968
27.636993
26.844207
26.760781
27.999535
27.078993
27.331813
27.699275
26.901062
27.550449
26.867075
27.120912
26.964976
27.623669
27.101896
27.831910
27.222945
27.965071
27.233859
27.133838
27.297994
28.394887
27.701268
28.215335
27.803166
27.011783
27.959858
26.558153
26.458094
27.867147
29.053831
28.234579
28.366119
28.522965
29.215940
28.702217
28.466510
27.770634
27.945933
27.414767
27.979493
27.272972
26.206503
27.765151
27.343273
27.173267
26.878068
27.907422
27.400439
27.547837
27.549399
27.021117
27.259877
28.497141
26.910232
27.941770
27.878104
27.807926
27.318188
27.929427
27.045780
26.969533
27.711279
27.663563
26.604255
26.461446
28.211553
28.481529
27.889835
27.939349
28.242157
28.060967
27.204597
26.531107
26.933593
27.630393
27.146894
27.792489
27.129464
27.948444
28.348631
27.848911
27.458851
27.685112
27.426973
27.300754
26.745494
28.021708
27.651279
27.748247
27.129156
27.567649
28.074941
27.648005
27.500881
27.559799
27.402067
27.345975
27.537578
27.166416
26.864069
26.622481
26.986063
27.318417
27.145711
26.995576
