27.988272
28.573861
28.630332
28.228723
27.961536
27.787333
28.186587
28.640907
27.729330
28.238190
27.771966
27.951780
28.197375
27.894275
27.682942
26.561262
26.972119
28.095845
27.228623
27.750995
26.426603
26.954269
27.474968
26.621347
27.185928
28.753624
28.004725
29.090040
28.952490
29.829088
29.284643
29.420111
29.111675
29.285379
28.406442
29.224587
29.970033
29.565341
29.644441
28.952147
28.724329
28.978742
28.508009
29.602904
28.112998
28.850413
29.391805
29.036620
28.680320
28.277049
28.798656
28.146196
28.761616
27.000429
28.089437
29.337124
29.053771
28.942732
30.108377
30.029579
30.937509
30.457063
29.830003
28.411244
29.371082
28.429529
28.414628
28.827670
29.946748
28.747405
28.502938
28.969337
29.719598
30.403616
30.352448
29.405328
29.517437
30.519472
30.272681
30.412237
30.100293
29.725817
29.368119
30.174179
30.153866
29.500159
29.970197
30.085911
29.480864
29.576316
28.797667
30.042325
30.062930
30.383666
30.364755
29.072345
29.345000
29.369946
29.502950
29.268871
29.282529
29.224051
29.265780
29.641463
29.875893
29.003760
29.215871
29.436056
29.039528
30.195966
30.048207
29.665534
30.343698
29.441317
30.074842
30.115492
29.954519
29.378414
29.625292
30.604984
30.227729
30.744980
29.943638
30.312383
29.567739
29.663397
29.896329
29.511838
30.366764
29.293452
30.344908
30.384080
29.770705
30.758935
30.199290
30.727459
30.109661
31.126049
30.341080
30.028929
30.540160
30.643082
29.632159
29.241539
29.624997
30.209422
29.929783
29.942520
30.031924
30.863865
30.227584
30.115584
31.413994
30.344906
28.803061
28.273753
28.702232
27.921582
28.961218
29.022800
29.364229
28.985913
29.248147
29.634345
29.555225
30.067892
29.732552
30.018616
29.286427
29.265672
28.725452
29.485044
28.783753
29.085477
28.650927
29.122086
28.070204
29.535281
29.494118
28.993284
28.373663
29.202333
28.920504
28.199409
29.490242
28.850787
28.393817
28.448801
28.355633
28.833687
29.335789
28.956835
29.213955
29.094859
29.124436
28.699446
29.310904
29.128144
29.115369
29.554394
29.446533
29.645402
29.730439
29.093606
28.967750
29.583356
29.281321
29.987222
29.587892
30.295323
28.580903
29.579990
28.874474
29.687086
29.339201
30.242031
30.614141
29.254184
29.812312
29.600613
29.764016
28.929117
29.620392
29.516386
29.718379
29.616037
29.663166
29.465691
29.983254
29.708299
29.860929
29.716179
28.525458
28.876813
28.780804
29.374214
29.322434
28.591431
29.003241
29.407925
29.348432
29.178836
29.093631
29.362844
29.674796
29.075456
29.224592
29.047326
28.646910
29.420917
30.085277
29.572369
29.090313
30.550881
29.922976
30.130385
29.722735
29.850036
30.193390
29.486900
28.826090
30.424024
29.368440
29.596823
29.636364
28.532138
29.831660
29.703641
29.670994
29.331783
28.508250
29.411267
28.791112
29.184020
28.964087
28.512007
29.802673
29.332217
28.806538
29.581955
29.430834
30.226443
29.030042
29.357861
29.368092
29.278434
29.196625
29.306064
30.532370
29.339008
28.821874
29.583208
29.415893
29.311824
27.626977
27.814487
28.686395
27.698962
27.980998
27.683547
27.296067
27.442747
27.435150
28.480871
28.983947
28.399465
28.146859
28.381244
28.682335
28.888246
27.180012
28.664569
28.475853
28.698626
28.898659
28.724639
29.055611
28.629520
29.352102
29.794543
29.317180
28.952811
30.122964
29.725742
28.990458
29.548546
29.166455
28.930960
29.563951
29.358938
28.928088
29.052987
29.554410
28.517356
27.607606
28.755284
29.502041
28.009654
27.867814
28.461608
28.301544
28.847629
29.623286
28.733729
29.284029
28.807065
30.147907
29.069491
30.264383
30.148486
30.478716
29.743155
29.333285
29.075563
29.397613
29.750548
29.223200
29.373619
29.414152
28.403105
29.399317
30.404249
28.725997
28.959111
28.911559
29.371053
29.620704
29.246548
29.125189
29.491011
30.111409
29.310118
29.365182
29.663355
29.343319
29.443306
28.276483
29.333917
29.553006
29.079396
29.410262
29.351991
28.671545
27.789181
29.288210
29.539883
29.587114
28.520783
28.672343
28.776718
30.018916
29.574751
29.273949
29.521852
29.140783
29.273168
29.332559
28.958315
28.799463
29.129108
29.219278
29.103976
28.868426
29.378818
29.559271
29.383154
29.725192
29.049041
29.547294
29.502633
29.704682
29.924476
28.686414
29.634248
28.432230
28.032524
28.012983
27.925798
27.959548
29.250492
28.956177
29.385053
29.059911
29.271263
28.758190
28.556601
29.462031
27.543272
30.146474
29.874548
28.661656
29.223134
28.220083
29.442709
29.559793
29.704791
30.014516
29.110169
28.267521
29.483623
29.246613
29.690021
29.606548
29.006686
29.589725
29.838270
29.839050
29.606397
29.175804
29.875002
30.279144
29.069984
29.486224
29.410636
30.037516
29.840106
29.967180
29.602259
29.701695
29.912599
29.478649
29.332719
29.918576
29.689128
29.878924
29.157449
29.226364
30.004413
28.818243
28.188735
29.076023
29.870244
29.662494
29.433989
29.261240
29.446691
29.623989
28.967131
29.575831
28.931322
28.962358
28.423911
28.526466
29.700759
29.777604
29.823765
29.687238
29.817028
29.613925
29.748838
29.436165
30.168736
29.747411
29.377825
29.826300
30.588693
29.640369
29.459189
29.575393
29.702671
29.744319
30.143194
29.438385
29.779928
29.888309
29.793253
29.445058
29.733512
29.718632
30.021014
30.193755
29.570747
29.292299
29.850918
29.498641
28.897062
28.918373
30.563584
30.333244
30.112866
30.553307
29.962088
29.858030
30.413969
30.726835
30.145645
30.090265
29.595437
30.771399
29.286669
29.531019
30.126187
29.597062
30.121683
29.419222
29.306130
30.143236
29.412056
29.453131
29.866090
29.576810
29.673756
30.139016
29.958898
30.566810
29.805890
30.585883
30.072733
30.018764
30.012440
29.836317
29.920512
30.386493
29.623701
29.293099
29.320985
29.784075
30.396096
30.109090
29.459728
30.409493
30.913217
30.182194
30.476965
30.829761
30.896396
29.981561
30.427731
30.067029
30.505368
31.175802
31.066671
30.633360
31.399626
31.173849
30.205564
31.037230
30.106781
30.179959
30.444288
30.100684
30.887385
30.616895
31.035853
30.493689
29.805245
29.980663
30.498129
30.142629
30.286523
30.357214
30.941858
30.290557
28.819002
29.873508
30.688585
30.305383
31.036793
30.468147
30.369470
30.856082
30.405846
30.511658
30.405091
30.255822
30.032606
29.507302
30.639076
30.366831
30.083044
29.843017
29.927160
30.106018
30.187952
29.363235
29.462485
30.255465
29.664009
30.112582
29.447643
30.597528
30.063745
30.513740
31.637132
30.222110
30.958038
30.742328
31.760381
31.639993
31.253684
31.891983
31.789653
31.314815
31.676499
31.292518
31.628240
32.546382
32.117634
31.152263
31.204713
29.023022
30.697647
30.597259
30.035959
30.068899
29.610058
30.492943
30.556183
31.539687
30.954260
30.654044
30.186296
30.845358
30.377655
30.406832
30.258692
29.421998
29.723397
30.013963
30.268606
30.790643
31.027885
30.923409
30.223256
29.303073
30.193494
29.556514
30.828888
30.401903
30.597959
32.182998
31.981243
31.786848
31.375267
31.348278
31.277478
31.941294
31.511072
31.577857
31.854944
31.502120
30.701431
30.371195
32.551203
30.116787
31.008249
30.233782
30.197563
29.840177
29.920977
30.214801
30.578695
33.069106
31.137161
33.020292
31.018513
31.198638
31.641187
31.237703
30.084513
30.474273
30.827067
30.656633
30.897583
30.238891
29.882951
29.894859
31.891157
31.386013
30.254594
30.574538
31.548189
31.781539
31.105084
31.320290
