27.926639
24.933420
25.759809
25.674289
24.817935
24.958733
25.407538
25.908507
26.103184
25.463409
24.986139
26.969166
25.965871
26.324056
26.070934
26.333035
26.905362
26.778202
26.566358
27.847909
27.624880
26.775499
27.592304
27.683270
27.779099
28.073014
26.848907
28.394530
27.305244
26.807684
27.550620
27.259506
27.031426
27.424585
26.628668
26.402589
25.898880
27.551299
28.004678
29.090896
29.189604
27.336855
27.114167
27.314051
26.236380
24.874477
25.775797
25.317592
27.124051
27.180688
27.958852
27.097796
27.833475
28.424102
27.721610
28.359960
26.396982
27.799450
28.345222
28.615039
27.268494
27.394804
25.614944
26.757216
27.697670
27.628604
26.949575
26.765256
27.847494
26.840741
26.728666
26.736984
26.574558
26.652450
27.342926
27.203120
26.748746
26.577683
26.047467
24.996260
26.477440
26.129827
26.558515
27.036014
26.077360
25.811559
26.458451
26.013668
24.978433
24.519388
24.384016
24.988810
26.555454
26.553190
26.123018
25.881385
25.597381
26.878025
26.128422
26.264364
26.334689
26.065333
25.569137
25.209800
25.781125
25.316158
25.820936
25.149387
25.838360
25.806157
25.104756
25.450986
25.013500
25.571100
25.682299
25.871411
26.042474
25.846345
25.802911
26.358740
25.212621
25.090045
24.527980
24.563723
24.933173
25.216699
24.830421
25.025506
25.904020
26.377179
24.986159
25.906506
26.020593
25.449257
25.711006
25.947401
24.611901
25.380047
25.792340
26.171935
26.031510
26.300734
26.023388
26.268412
25.870043
25.490217
25.300249
23.468267
23.492402
24.197382
26.801612
26.562983
25.703170
26.138536
26.257773
24.978680
26.171702
26.604759
25.618601
25.564117
26.184296
24.457181
24.961159
23.999100
24.522571
23.196658
26.111496
26.127489
23.184446
25.556931
25.653934
23.464600
26.353842
26.809358
27.157399
25.250997
26.290128
25.041406
25.505764
26.086437
26.656294
26.473312
24.767378
25.218274
26.207854
25.534405
25.852954
27.155536
26.845557
25.970377
25.727957
25.140968
25.270116
26.908670
26.919379
25.530975
25.555599
24.211600
25.949442
25.482752
26.295239
26.165587
24.327612
25.376523
28.853250
28.638817
28.181062
28.868895
28.257570
28.308600
29.031489
28.771847
27.755926
27.619945
27.791964
26.892083
26.790382
26.611812
27.768043
27.463287
28.080490
28.657705
27.849755
26.797741
26.738682
28.059366
26.097935
27.273036
27.162131
27.247292
26.878850
26.999171
27.193516
26.778386
27.264156
27.388026
27.414386
28.626908
27.863715
27.304605
28.656830
27.907401
27.138073
27.286960
27.398214
27.859183
27.637660
27.342943
26.974244
26.961176
27.528629
27.493890
27.709327
28.316389
27.970991
27.975521
28.320083
26.374980
26.973979
26.487042
27.142355
27.415997
26.646228
27.184233
27.424896
26.443102
27.919999
26.003125
26.876470
26.703210
26.686904
26.425741
27.026676
26.286552
26.499061
25.651916
26.322669
26.750281
26.724208
25.949960
26.224849
26.229196
26.545682
26.662368
26.295119
26.056879
27.278849
26.255833
26.544797
26.359119
26.505819
25.626695
25.788485
26.726227
26.489913
26.238104
26.161511
25.977216
26.946533
25.720329
24.647085
25.629714
26.524763
26.493453
25.692261
26.120925
25.759214
25.660130
26.320741
25.927625
26.016582
26.489881
26.170454
26.831372
26.521769
27.462650
26.803918
26.649670
27.762818
27.156049
27.484894
26.981584
26.854343
28.221790
26.876658
26.282290
25.977429
26.431992
25.786405
25.794370
25.360044
26.722085
27.263475
27.968602
26.476446
27.918360
28.218708
28.053271
28.389943
28.382058
27.850644
26.329158
26.358661
25.774840
24.661001
25.547256
25.676614
25.984712
26.450528
25.767559
24.810032
25.516404
26.577669
25.973182
26.561500
27.137278
26.693331
26.934535
25.797051
25.078054
24.829202
26.098006
26.003727
26.354446
26.870126
24.849088
27.176839
27.470043
27.076417
26.988667
28.253418
27.866658
28.490324
27.383282
26.498848
26.653565
27.524781
27.203977
26.349573
26.658260
26.307514
26.171883
26.142728
27.250707
27.201277
26.684239
26.945887
27.621802
27.671163
26.643297
27.453796
28.632181
28.064801
27.821629
27.853713
27.531815
27.559679
25.618524
24.294902
24.686082
24.163508
24.285076
24.641609
24.967207
24.115418
23.194034
20.402401
23.912461
24.314562
23.258962
23.633685
22.944095
21.665071
24.058842
23.780829
23.187102
24.312660
24.478901
23.017423
24.149725
23.883557
23.753552
24.261734
24.433099
24.098908
23.543603
23.935668
24.115030
23.933366
24.549669
23.910106
24.751395
23.859624
24.878640
24.586688
25.350601
24.876337
24.474997
24.461334
23.109579
24.749963
24.579958
24.572526
22.947864
24.202148
23.679334
24.284237
22.857933
23.234879
24.098614
23.120971
23.010859
23.386571
22.357200
22.717551
23.984164
23.165787
24.093711
24.453828
23.002813
24.808172
24.342833
23.622132
23.878560
23.391452
23.764197
24.113520
24.901871
24.427885
24.841857
24.599886
24.331205
24.288508
23.940452
26.027720
24.847737
24.687676
25.261306
24.191485
23.834473
23.057553
24.640009
24.127812
24.502659
24.824014
23.218764
24.690521
22.264375
24.190978
22.563322
23.998575
22.615614
21.957344
23.995091
24.500284
23.301808
23.923318
24.488726
25.120593
24.209706
23.809948
24.062319
24.148464
23.557231
22.331865
23.573914
23.943741
24.867808
24.033685
24.079399
23.445098
23.190263
24.113584
24.435483
23.734577
23.197746
24.551553
24.779338
24.767674
24.090996
25.091734
25.120870
25.926057
25.307881
23.934851
25.224699
25.893067
25.191444
24.066823
23.959706
25.185584
25.799156
24.844373
24.290425
23.563600
24.974627
24.767951
24.966647
23.690289
24.572703
24.901650
24.457136
23.454828
23.990594
23.360366
24.033926
24.917528
23.532160
24.158569
22.717292
24.096007
23.909924
23.888338
25.260841
25.373178
25.462330
24.472718
24.720381
24.784938
25.692259
25.034203
23.601483
24.361663
23.706430
24.350548
24.242773
23.836304
24.212740
24.152523
25.351201
24.488590
24.157429
24.442219
23.580456
25.159124
24.412749
24.553078
24.829107
24.749649
24.821295
24.725608
25.029303
24.446448
24.842355
25.045407
24.735573
24.849238
24.747161
23.794929
24.939622
22.367308
23.450970
25.461149
25.189030
25.072589
26.106888
25.124259
26.030457
25.457584
25.567426
25.821083
26.234584
25.052317
26.077309
25.208102
25.158392
25.239216
24.486705
24.371652
24.794074
23.815396
24.646767
24.346868
24.754877
25.921914
26.092513
25.910298
24.432939
24.196008
24.410873
23.890573
24.546373
25.144007
25.193649
25.089162
24.619033
24.429700
25.105301
24.115909
23.775189
24.673927
25.360323
25.475091
27.038517
26.713733
28.882457
29.402676
28.461114
28.425747
28.847505
29.249526
28.516995
28.167953
29.272470
28.561096
28.831455
28.589553
29.293379
29.243558
30.066375
29.739443
29.990610
29.595176
29.777386
29.867131
29.049915
28.875827
28.236721
27.056787
26.314803
25.876512
25.614016
26.900986
25.575537
25.660740
25.718840
25.730814
27.557859
27.390243
27.610004
26.870190
26.810141
27.179400
27.069264
26.980218
27.525303
29.034875
28.265579
27.754264
28.622714
29.078869
28.561350
27.252143
27.862306
28.220677
26.954295
28.042249
26.755019
27.818739
27.792124
28.474869
27.796707
28.265822
27.452061
27.760634
27.314868
28.226949
27.849240
28.021429
26.849031
28.625742
28.168317
28.767355
28.029033
27.072770
27.386065
28.578461
28.228287
26.810152
28.250823
27.157931
28.601182
27.739063
27.713101
27.604686
