25.988031
25.915218
25.830091
26.187656
25.726185
25.688505
25.238361
25.913031
25.582879
24.895372
25.404992
26.170292
26.219398
26.557438
25.732966
25.355265
25.611028
25.673736
25.659930
25.564551
25.026881
25.318019
24.375276
25.135417
25.415426
25.700084
25.629720
25.335578
26.011507
25.746562
23.962302
24.428290
22.804665
23.021955
22.072134
23.527866
24.580204
23.275584
24.807539
22.835128
25.053894
21.961045
22.732977
24.218870
24.331364
24.141797
23.339592
22.123490
23.212447
23.105985
23.131421
24.160389
24.349264
24.164117
24.252980
23.813797
25.140351
25.379015
25.322613
25.336427
25.183510
24.361424
24.262617
24.364210
24.729840
23.941076
25.186781
24.628249
24.343014
24.963814
24.448057
24.256392
24.845419
24.128061
24.789961
23.942273
25.651754
24.491397
22.753600
24.043264
23.964835
24.463918
24.187041
24.507316
24.388257
25.247720
25.085358
24.841278
24.591975
24.878417
24.397774
24.640032
24.335704
25.326453
23.767030
24.089425
24.775686
24.277255
24.744237
24.466435
23.865107
24.492773
24.752049
24.442958
24.226361
25.077830
24.600617
24.356770
25.019689
24.015772
24.369397
24.118372
23.901578
23.785307
23.446233
23.522317
23.054911
22.227275
23.410734
22.873030
21.697194
18.926041
18.670581
17.932282
17.257093
18.561881
19.279873
20.291895
18.931798
19.242238
18.173602
20.005168
22.202730
21.748521
19.594688
20.348937
19.283452
20.919432
21.183916
20.256808
20.420609
23.422427
22.866290
24.614165
24.502428
26.554938
24.719589
25.633853
25.473435
24.291573
25.685703
25.351465
26.087325
25.510499
26.106865
25.327277
25.569890
26.137831
24.948800
24.868156
25.213478
24.401414
25.019723
24.226225
23.898636
23.283422
23.874381
23.872854
25.171451
24.384402
24.604067
24.875385
23.377298
23.312094
23.294302
23.362589
23.499485
24.934070
24.033032
24.793637
23.230000
23.013762
23.260465
24.012234
22.901537
23.661522
23.778280
23.929110
23.465022
23.381674
23.678555
23.389190
23.976258
23.215149
23.890339
24.445305
24.456252
24.500285
24.467778
22.811030
23.364029
23.786929
23.019724
23.621388
23.134283
24.473673
23.955555
23.424505
23.484421
24.324044
23.458345
24.859499
24.676251
25.307363
24.582876
24.005740
24.882444
24.395512
23.611196
24.819016
24.264670
24.448244
24.652990
24.566314
24.753371
24.375331
24.453261
24.520561
24.026770
24.301945
24.671930
24.622880
23.987477
24.312834
24.247552
24.228670
24.646246
23.597383
23.817241
23.636830
23.663810
22.976920
23.047341
23.496176
23.858337
23.068109
23.001065
22.804868
23.206937
23.630507
23.946628
24.029165
23.919526
24.165434
23.384379
23.079350
23.174947
23.176051
23.558406
23.551666
23.244423
23.384322
22.976971
24.623090
25.625185
25.387886
23.509944
22.756420
24.117589
24.717191
24.752624
23.994440
24.444707
23.955645
24.413727
23.911739
24.512467
24.756361
23.865744
23.262390
24.446031
23.953570
23.510348
23.652515
22.724597
23.673295
23.796356
23.810727
24.408203
24.290716
24.572712
24.496185
23.659677
23.356233
23.984714
23.802271
24.808259
23.974682
23.700325
23.209114
23.186926
22.855127
23.529832
24.004330
23.134251
22.510195
23.925018
23.016700
23.943208
23.738931
22.578264
24.091740
23.064666
22.949743
23.396951
23.362051
23.719755
23.146381
23.663987
23.358166
22.549795
23.305338
23.303574
23.990158
23.444431
22.992577
23.498621
22.446527
24.654607
23.511836
23.608198
23.620808
24.368526
24.041751
24.403072
24.112507
23.720661
23.105023
23.690506
24.213535
25.023865
24.211952
24.447303
24.791235
23.998630
24.300107
23.941812
23.212240
23.203381
24.170826
23.925724
24.197291
23.591593
23.405848
24.131584
24.184378
23.479926
24.549673
23.766485
23.356716
23.819855
24.724457
23.811691
24.110973
23.907117
23.450808
23.405819
25.004943
24.531502
23.469996
23.392277
24.273642
23.956114
23.165064
23.210537
23.504929
23.081096
23.469835
24.231191
23.820384
24.758535
24.018164
22.345643
23.549324
23.166973
22.823425
22.889313
22.623404
23.604704
22.886211
24.517513
24.188382
24.093657
23.909816
24.231718
24.359614
23.910388
23.830719
23.516161
23.621120
22.963653
23.437085
22.675150
23.515529
22.828916
22.460461
21.700873
22.060064
22.380493
24.087237
23.962027
24.022100
23.861124
23.503807
24.081873
24.436334
23.165355
24.925884
24.035075
24.409473
25.322359
25.288840
24.816119
24.852742
23.973286
24.661794
24.623960
25.020185
25.354865
25.731611
25.901023
25.755546
24.675641
24.255056
24.114210
24.136196
23.994128
23.985863
24.599063
24.238491
24.057062
24.207723
23.755479
23.803860
24.607495
25.224844
26.107717
24.436505
24.385015
23.935093
24.561332
26.374883
25.175153
24.556214
25.021994
25.219347
24.308933
26.121308
24.828957
24.599261
24.745889
24.299439
25.591859
24.475935
23.720789
24.239215
23.992943
24.313241
23.792137
23.971247
23.420096
24.403805
25.110666
23.598436
23.610555
22.734264
23.895516
24.019128
24.685515
24.043758
24.804772
23.899402
24.371089
25.639105
23.792292
24.149380
25.203675
24.322089
24.369295
24.761912
24.279810
24.610214
24.659423
24.607721
24.614621
24.413225
24.769618
24.929534
24.510225
24.786166
25.028866
24.343963
24.454562
24.202270
24.757318
24.817160
24.335601
25.076945
24.286700
24.703720
24.819239
24.478286
24.366181
25.105944
24.200058
24.631196
23.936087
24.357697
24.689181
23.697301
24.238422
23.947569
23.089250
23.389884
23.374082
23.284243
23.836706
24.074087
24.199367
23.406988
24.884822
23.625466
23.399034
23.516482
23.377149
24.193467
23.524925
23.879188
23.608490
23.971616
24.288379
24.066452
24.558349
23.662566
24.112945
24.206307
24.309207
23.788762
23.956339
24.186800
23.997840
23.738855
24.130213
23.874932
24.927722
23.274704
23.333739
24.169763
23.986728
23.379121
23.941734
23.909139
23.895205
23.733699
23.290049
24.199537
23.883259
23.496474
23.396252
23.756345
24.275432
23.350210
24.818964
24.566917
24.620880
24.800499
23.585840
23.929740
23.664037
24.759104
24.550857
23.521669
24.126681
23.460879
23.476379
23.907438
24.034241
23.897783
23.404476
24.139840
23.910792
23.435973
23.965484
24.248971
23.926986
23.314366
23.586487
23.721484
23.743513
23.715651
23.655767
23.868898
23.170871
23.577189
23.304797
23.824855
24.126976
23.638470
24.138399
23.743182
23.994717
24.019285
24.152386
24.346665
24.124739
23.730299
24.212700
23.825174
23.916621
24.171138
23.675711
24.253154
23.722792
24.356407
23.622841
23.585265
23.414077
24.059354
23.983007
23.805944
23.312666
24.044110
23.782942
24.061748
23.423941
23.611741
23.700868
24.144313
23.939392
23.926274
23.662736
23.612958
23.774450
23.812755
23.128810
23.021068
23.193999
22.913831
22.645111
23.092805
24.000062
24.002803
23.884520
24.266419
24.136468
24.227605
23.991414
22.915233
24.580361
24.255300
24.532710
23.987380
23.790761
23.947381
23.742701
23.651818
24.164575
24.407512
23.574448
23.834089
24.438599
23.992798
24.495179
23.972933
24.745481
24.992159
25.006527
24.824577
25.005143
24.369667
24.640403
24.470860
24.262716
24.063148
24.817535
23.876316
24.036846
24.923736
24.601976
24.826467
24.416259
23.495782
22.685515
23.818440
24.487632
24.235323
24.172493
25.005579
23.782895
24.184583
24.195090
24.018526
23.990163
24.803439
24.093975
24.715763
24.201858
23.931408
24.545991
24.336491
24.514225
24.205333
24.308551
24.717846
24.288957
