20.873058
21.230132
21.092582
20.851108
20.103936
19.389146
20.781995
23.742054
23.671300
22.953524
22.556368
21.909387
20.681815
22.094272
21.909121
21.652827
23.370940
24.155320
23.680484
24.324060
23.575001
22.300920
23.221237
21.249145
23.459099
22.335774
21.921890
22.447366
21.681984
22.393904
21.619425
21.268585
21.959014
22.340027
21.710295
21.880118
22.069889
21.369301
22.122086
21.524787
21.810430
21.558072
21.915829
21.766153
22.233632
22.067520
22.017361
21.579312
20.825452
21.903482
22.433067
22.622029
22.826663
22.337616
21.613865
22.431732
22.406246
21.996428
22.015570
21.822306
21.392714
22.047330
20.940257
21.379617
21.555713
20.620337
21.663889
22.130925
22.046570
22.671372
22.533072
22.950477
22.549170
22.498867
22.395456
22.317747
23.335554
23.730213
22.223742
23.176923
23.388377
22.734629
23.089485
22.421838
23.086176
23.606197
23.357809
23.898672
22.703658
22.709701
23.830448
22.741814
22.353771
21.026333
23.297066
23.000423
23.845928
22.539104
23.139877
22.719665
21.767429
22.624217
22.669527
23.353022
22.597912
24.040184
23.606263
22.441464
20.920876
21.455730
20.103774
21.551707
19.390514
20.017089
19.116846
21.436614
17.814108
17.423936
17.543610
16.696742
17.752666
17.293011
15.649594
17.436496
17.449413
19.755798
20.257268
20.390948
19.798877
19.611257
18.994769
21.936007
20.706259
19.581994
20.122562
19.042169
19.468491
20.332023
20.179526
19.316240
20.220464
19.381567
18.183019
17.561339
17.772507
16.538998
16.279396
17.349185
16.224195
16.340958
12.215670
14.552307
13.910268
14.265996
14.816408
16.161921
16.732393
16.935904
16.830521
16.662434
17.252267
18.250171
17.087343
17.391032
17.746917
17.200054
18.019648
17.321546
17.494529
18.773796
16.673551
17.758867
18.256846
16.622129
16.614529
16.956097
16.941636
17.722883
17.638694
16.997361
17.524136
17.055496
17.566369
19.608013
18.647971
18.523182
18.501273
17.646546
17.608966
17.120122
17.812560
17.020011
18.058658
18.695880
17.763288
17.872167
17.419231
17.858394
18.400940
17.406929
18.088740
17.447646
17.039711
17.810827
17.421131
17.852589
17.650748
18.056848
18.731491
19.772938
17.672167
18.724079
17.404383
17.662422
18.708212
18.215555
18.823675
20.399923
21.429810
20.075558
19.703229
24.260806
23.815952
23.061694
23.561707
22.117359
19.394656
19.732149
20.272772
21.657024
20.340264
19.376596
17.966337
19.802128
19.703836
19.491267
19.648433
19.486536
20.685177
18.847801
20.427468
19.111919
18.913454
19.667349
19.649325
21.576212
19.410844
18.995145
20.114707
19.168461
23.436553
19.957546
19.976531
20.532385
19.626679
20.249606
20.657479
19.197220
17.757398
19.266360
20.923247
18.900144
19.492491
20.256819
19.822149
21.014487
18.557165
18.808768
18.868546
18.140065
16.253091
20.640013
19.278820
20.374240
20.507665
20.895305
21.244879
19.190203
19.470210
19.732550
21.105408
20.983682
17.946839
18.817715
18.486520
18.033177
18.923548
18.976488
18.236173
18.404737
19.949550
19.899760
18.902426
19.427705
19.031284
16.776124
17.674672
19.086866
18.508747
18.206051
18.508815
19.886153
19.548176
20.539672
19.994806
20.406224
20.186129
21.839071
19.025235
18.876216
17.708486
17.825286
18.102533
18.474166
19.588048
18.412876
16.264463
19.247998
19.616343
20.686698
18.657064
17.891568
18.453076
15.905173
17.189277
18.017004
16.991508
20.400649
17.643987
18.371313
19.758502
18.251912
16.121832
19.728262
20.621937
19.214024
17.298110
19.443495
19.713201
20.547450
18.379684
18.839023
18.967286
18.425189
22.454727
20.544757
22.259521
19.889403
19.059253
18.394063
18.557179
18.716255
20.156983
20.349045
19.344080
19.046088
20.163784
22.168920
19.474013
19.219419
21.112319
21.676741
18.506988
18.452010
17.724863
19.750985
16.142990
20.127230
20.816704
18.770619
18.931257
19.041209
19.287171
18.895563
20.051794
19.811670
18.388705
19.733284
18.772813
18.100203
19.932498
20.348041
22.005990
22.605885
19.416200
20.802972
20.710379
20.842120
20.139180
20.250334
20.772482
21.701659
20.184459
20.527413
19.657986
20.329738
19.827635
19.209467
18.880823
18.858847
20.751981
20.619823
17.697843
17.396451
18.716536
17.985182
18.784770
19.024844
18.314577
19.249052
18.848840
17.143243
16.909726
17.830120
21.227318
23.634052
20.865838
20.795483
23.117761
26.309958
26.322177
26.737068
25.550948
25.385778
25.477205
25.392080
25.984905
27.556103
27.059266
26.228806
25.232336
25.018219
26.503839
26.225185
26.028817
21.250650
21.556228
22.445364
21.913070
21.431723
22.253658
22.184233
22.177005
23.706371
23.013019
21.117021
20.913162
22.394619
21.586753
21.141539
22.519897
19.235741
19.539213
21.145649
19.581263
20.266235
21.667623
19.257428
20.211322
19.960695
17.899943
17.971013
17.239004
16.981931
16.134644
16.378121
15.918349
16.215466
16.677993
16.611935
16.907396
17.897030
17.116572
16.787009
16.736219
17.922975
16.775393
17.247002
16.002566
16.597396
16.097176
17.044344
16.093675
16.268150
15.553807
16.156520
17.149519
17.295221
16.342035
15.936102
16.312592
15.858418
15.128329
16.343677
15.626534
16.657920
15.641444
16.852501
16.404492
15.663486
14.334277
15.022428
14.584103
14.977270
15.218984
16.093837
15.372040
15.836401
16.002834
17.114628
17.330177
17.597175
17.449996
17.491915
16.884417
17.026220
15.818762
17.770347
16.527134
16.763158
17.223157
16.266767
16.447904
15.380619
15.764667
15.713757
15.869229
16.377073
15.464508
16.259132
16.003289
16.186506
15.936914
16.386678
16.763223
15.955841
16.476664
16.860825
16.182851
15.840394
16.078624
15.646971
15.219089
15.343187
16.163493
15.738775
15.274958
16.004935
14.448051
15.269852
15.291939
14.780752
15.675543
15.517728
16.437386
15.868322
15.463770
15.530929
15.499212
15.014394
14.666910
14.996720
15.075616
15.065800
15.854204
16.162476
14.810619
14.250524
15.167160
14.780007
14.900985
15.792850
15.564809
15.586484
16.135285
15.791440
15.920690
16.077808
17.242575
16.815938
15.821332
15.953786
16.088283
15.798038
15.680423
15.761334
16.346546
14.750168
15.055155
15.199671
14.591962
15.540103
15.755848
15.870076
15.683921
15.431689
15.883093
16.783257
16.862661
14.851176
15.765504
15.725877
16.362620
15.828288
15.749139
15.379757
14.790002
14.891026
16.671252
14.874561
14.630770
14.620173
15.006584
14.526457
14.693140
15.153990
14.616155
15.173672
14.285673
15.533168
15.895653
15.927670
14.829376
15.092588
14.417926
15.383079
15.273598
16.259603
16.228829
15.501563
15.125387
15.904273
16.136142
16.422932
16.126624
14.697872
16.878963
16.445820
15.832210
15.649448
16.072072
16.158685
15.711867
15.794104
15.061150
15.113089
14.886622
14.843650
14.311619
15.069778
15.500177
15.043747
14.913949
14.397829
14.666256
14.923400
14.642654
15.317384
15.551800
15.619084
14.876444
14.909610
15.803577
15.741016
15.976541
14.716282
14.055636
14.056835
15.189571
14.958161
15.397122
15.344972
15.144890
16.460891
15.800531
14.523640
15.522540
16.183576
15.218085
15.009808
15.364369
14.332860
14.944683
14.278794
14.839146
15.203411
15.186077
16.446586
16.119369
15.928596
16.057104
14.783602
15.360032
16.621640
16.427969
16.914210
15.937245
17.260390
16.359639
16.090369
15.355498
16.477899
15.835431
16.201905
15.135861
15.694659
16.190274
15.240371
15.671077
15.012177
15.923312
15.330092
16.029012
15.907224
15.317748
