18.632448
19.120442
18.033110
19.029141
18.226280
18.229394
18.509835
20.857075
19.581473
19.183287
17.521017
20.183287
17.453500
19.427069
20.405192
19.431865
18.430590
19.115768
18.074172
18.723948
20.860708
19.331414
20.959062
18.053196
21.114469
19.328703
22.525665
22.387410
20.204092
19.620716
19.527940
19.745348
21.399579
22.340393
22.506281
22.360950
21.365115
22.788621
21.625006
21.478276
20.817409
22.125199
22.438580
23.758406
22.086631
22.048323
21.761890
20.357158
20.658368
20.730975
21.553327
22.577324
23.158097
21.030802
20.800419
20.606641
22.962910
22.097885
19.761755
21.435541
20.543121
22.556170
20.118751
19.696937
18.423215
20.827507
20.406723
19.288466
15.296519
16.786046
16.273695
16.922789
18.411326
21.953770
20.065083
18.980466
19.201015
20.011730
17.217157
18.955250
18.262594
17.733871
19.163121
18.835120
18.024177
17.294305
17.950235
16.966883
17.640255
16.846802
18.094620
16.194456
15.993715
15.822482
16.448293
16.030214
16.135768
14.678695
14.102714
14.089360
13.326480
16.104455
14.332318
14.142227
15.497694
15.624493
15.669418
15.921372
15.068625
14.683840
15.032417
15.033195
16.118265
16.149604
15.300358
14.169711
16.304505
15.462522
15.732362
16.644405
15.393082
16.071923
16.712193
20.040118
18.411303
18.759284
20.341368
19.475776
20.878604
20.199181
20.302989
21.751534
21.141413
21.418271
20.771411
20.798527
21.449664
19.495356
19.597348
20.235467
17.626278
17.033227
15.148839
15.585502
15.494950
15.425389
16.117921
15.882741
17.113735
17.622550
17.747530
16.258632
16.927866
17.332364
17.706220
18.483917
19.249363
22.077051
18.702337
16.899104
17.713552
17.412564
17.625056
17.479665
16.173659
16.034739
15.752701
18.407453
16.786986
17.333922
17.122572
16.460601
16.184603
16.467996
16.800147
14.843288
14.468809
15.119602
17.154071
19.946896
16.947532
18.006118
17.144673
16.770326
16.367474
18.071152
18.450619
17.769237
16.738328
17.678001
16.530555
19.071912
18.015530
21.072289
21.207999
20.964304
22.213040
19.379687
20.611044
21.071308
22.469172
19.916284
18.373702
19.559036
20.509538
20.819544
22.029253
21.395828
21.943728
20.991472
19.640295
20.059412
20.135831
20.693262
21.437614
18.963313
20.596440
19.256804
19.173111
21.127113
20.262042
20.616980
20.947645
19.509304
21.545374
20.060702
17.053519
17.606148
21.305198
19.684960
22.173544
22.167440
19.828013
16.909944
16.414895
16.049985
17.597881
19.292856
20.569349
19.650658
15.850133
15.546003
15.811096
16.169923
16.743422
17.193206
17.421632
16.962004
20.246235
18.560395
18.599897
16.624813
15.151531
17.599634
21.995983
20.670655
17.542891
17.292937
17.133197
16.354483
18.310924
16.222428
17.011544
16.530176
17.481534
16.010895
16.854089
14.527551
16.176425
15.055855
14.833643
15.472742
15.143598
14.890391
16.420323
16.244951
15.628676
15.799045
15.818956
14.163405
14.586877
14.172539
15.134601
15.281137
14.745152
14.506002
16.505158
15.576551
15.402343
16.051707
16.113565
15.781659
15.285762
16.140723
16.538074
15.588277
15.019586
15.569792
15.240036
15.861912
16.622380
15.603725
16.208104
16.380881
15.787837
15.726268
15.242469
15.671742
16.783507
15.267839
15.217590
15.629070
15.508358
16.224601
16.954620
15.155884
15.063484
15.209609
13.790419
15.868986
15.595710
15.203874
15.220598
15.367653
15.147015
15.885762
16.117618
15.704983
15.456195
16.407959
15.742878
15.747210
16.052167
16.458867
15.628292
14.964375
14.786981
14.980054
15.368560
15.913940
16.987145
16.179759
15.130404
16.420705
15.603330
15.879075
15.017509
16.126057
15.494546
15.423312
16.526119
15.216251
15.498788
14.879788
15.473300
14.779725
16.204096
14.705484
16.385095
15.486024
15.022342
15.644079
15.943317
16.243506
15.107008
16.539065
15.840523
16.034889
14.407153
16.097920
15.069255
16.679195
15.951923
16.472954
15.381504
15.801584
15.034622
15.307775
15.453868
13.706026
12.358440
12.945741
13.251378
12.905007
12.676954
13.116067
12.363643
11.764226
11.848611
12.841436
13.783446
13.324131
14.608669
14.652687
14.309546
15.556599
14.930515
15.311456
15.636770
15.516932
16.039993
15.624934
15.026326
16.269986
15.680703
15.607526
15.437078
14.516473
14.563435
15.212321
15.207324
15.775123
16.368073
16.995141
15.021106
15.337200
16.096016
15.963520
15.960371
15.995300
16.092138
15.818582
15.481359
14.821150
16.050656
15.712345
16.061020
15.791968
17.544541
16.224866
15.492647
14.075607
15.414254
15.574448
15.524387
16.077707
14.952844
15.021868
15.337798
14.434533
13.810706
14.939023
13.972504
15.719548
13.973923
14.710161
15.864348
15.159797
16.310980
16.027317
15.275446
17.100373
17.783689
15.577609
15.408236
16.168524
15.313719
15.204568
15.148195
15.366218
15.267919
14.635037
17.207553
15.344275
15.529862
15.191723
14.410405
15.055713
15.439437
15.358333
15.148678
15.259822
14.055314
14.858300
15.338552
15.209402
14.701875
15.109206
15.936855
14.600724
14.149260
14.490495
15.221720
16.085147
14.364610
14.408550
15.962715
15.340710
15.536163
15.351215
16.192810
14.689044
16.571710
15.418338
15.906057
13.403986
14.817626
14.891756
15.493532
15.185980
14.789258
15.172963
15.618728
14.716605
14.501802
15.354271
15.211942
15.669333
15.532603
15.192368
15.473039
15.135827
14.398899
14.519065
15.400823
15.481380
15.429747
15.450350
15.362909
14.431972
15.095383
15.329598
15.243733
15.047906
13.965201
14.004178
15.530540
15.806381
15.125601
13.683844
12.698176
12.485268
12.727914
13.152086
12.998796
12.964533
13.282283
12.879403
12.538750
12.423454
12.664328
12.479060
12.479545
12.958828
12.388682
12.885290
12.967290
12.757871
12.332922
12.640118
12.870217
12.589774
13.149592
12.292942
12.849459
12.453949
13.108330
12.593043
12.919935
13.040130
12.801186
12.722884
13.106438
12.643870
12.953416
12.326826
12.749173
12.964122
12.859068
12.516950
12.481947
13.035985
12.798165
12.263135
13.398809
12.726666
11.987722
12.702032
12.110091
11.442927
12.415592
12.034832
12.244678
13.881497
13.238174
12.252151
13.091279
13.163857
11.802386
12.303034
12.460558
12.685301
13.420489
12.785084
12.560895
12.637511
12.820768
12.343959
12.776428
12.196153
12.777750
13.141174
13.058227
12.488107
12.712464
12.221199
12.320005
12.315595
12.574755
12.841299
12.219583
12.802148
12.764267
12.440276
12.404170
12.394078
12.625938
12.917645
12.846060
13.252119
12.160862
12.798445
13.117996
12.705041
12.513703
13.197971
12.566385
12.556904
12.323522
12.404858
12.608048
12.143852
12.311617
12.736950
12.783150
12.989641
12.850060
12.839919
12.392650
12.995389
12.565310
12.141622
13.217620
12.326872
12.582409
13.590195
13.004101
13.147091
12.893267
12.907162
12.666876
12.538415
12.543666
12.627304
12.426087
12.279182
12.620604
13.124770
12.776741
12.584811
13.071703
12.883548
12.886250
13.237638
12.724359
12.885115
12.953524
12.504843
12.487901
12.353568
12.462514
12.484547
13.247208
12.186256
12.712718
12.931798
12.383586
12.214170
12.609399
12.457859
12.371634
12.612306
12.771583
12.403095
12.915730
12.334568
13.065934
12.804299
13.112041
12.394633
12.818550
12.465769
12.510858
12.620781
12.657226
12.894424
12.962730
12.450083
12.460997
12.476700
12.994170
12.772301
12.498709
12.595317
12.696046
12.753435
12.362242
12.273745
12.659329
12.621998
12.363413
12.306822
12.335228
12.183540
12.550556
