27.797049
29.236510
26.913863
27.031308
26.856192
26.836759
26.515612
28.476148
26.972463
26.362805
27.961857
26.527575
27.152156
27.577770
25.834610
27.692036
27.625284
25.767266
26.711579
25.764428
25.947072
25.778989
25.164678
25.838874
24.672222
23.924481
25.171885
23.649453
24.946728
24.489271
25.509215
26.638780
25.727962
26.364050
25.509964
27.412380
27.559165
26.927407
27.160585
25.772555
26.571363
27.580527
26.530983
25.783400
26.240574
26.336330
27.854179
26.312155
26.930630
26.055993
25.734830
26.495301
28.060964
25.554230
27.200399
27.258869
26.768946
26.681501
26.756752
25.852369
26.167338
26.770299
26.041440
27.169514
26.779168
27.071888
27.323629
27.758951
27.656046
26.974802
26.592962
27.207865
26.590739
26.953641
28.587639
28.224094
27.353156
28.040295
27.019816
28.471604
28.565371
27.544121
27.345725
26.738528
26.402367
26.488943
26.345226
27.493926
27.852632
26.699951
26.854219
26.753255
26.770943
26.049135
25.281860
24.907562
27.652580
26.887499
25.942860
25.429367
25.657569
26.424603
26.356553
25.910811
26.834402
26.619716
26.863299
25.755902
25.276340
24.849501
26.274340
25.729723
24.907536
24.270036
25.535893
26.098929
24.916088
25.437606
24.555439
24.329391
24.842015
24.291411
25.248192
23.961919
24.957927
24.976657
24.789639
25.144130
25.552408
24.351119
24.968137
24.161028
23.429353
25.171287
24.440082
23.799239
24.699905
24.392803
24.512971
25.280618
24.361442
25.306883
24.838378
23.746148
23.407414
23.932018
25.196240
24.924145
25.099203
24.504677
25.034211
24.913699
26.054689
24.759347
23.153965
24.397779
23.579375
24.545608
24.783452
24.553716
22.387571
23.762776
24.251341
24.317663
24.810993
23.389161
24.552407
24.862466
24.314838
24.771756
24.847641
24.394448
24.174741
24.280809
24.899569
24.947045
24.090581
24.447419
23.872403
25.162659
25.875537
25.418563
26.278399
24.530267
25.287105
24.924088
25.200727
25.425881
24.477617
24.836393
21.951008
23.858230
23.425992
24.054363
24.214557
22.861775
23.699606
23.400328
23.969350
21.330394
24.120115
24.571337
26.509483
26.349555
27.263081
28.302573
25.174447
26.256273
28.969268
25.944969
23.904359
27.188329
24.911429
26.846684
26.188201
25.593805
25.460295
25.777914
25.276028
26.895054
25.976284
27.358892
27.005636
28.232223
27.353235
26.333353
25.846248
26.846997
26.384529
26.232817
25.150383
27.544652
26.329186
29.482924
30.010125
29.701911
30.348937
30.672055
29.477468
28.494746
27.770337
26.637093
27.798915
28.564737
27.982414
27.648061
27.530129
28.165376
28.189472
27.535720
28.741768
28.328393
29.213907
28.395525
27.782197
26.445770
27.243102
27.282751
26.474532
22.498985
22.356782
22.110318
22.448295
21.827943
21.453649
21.765703
21.291627
20.841186
23.138120
22.110498
24.921306
23.198973
22.293921
20.731970
22.576665
19.438449
20.981685
21.157493
19.479280
21.210199
19.664477
19.781610
19.764480
21.116974
20.145020
18.609005
20.219217
20.207278
17.949024
18.145339
19.707926
18.401311
18.742765
18.385197
20.887946
19.372510
19.263017
23.777361
20.170095
19.888694
20.847308
21.978127
22.061982
22.218273
22.224408
21.327391
21.550193
21.802652
22.053308
20.557272
20.897992
21.055611
19.809927
20.919781
20.208407
21.772637
21.338245
21.930807
21.027595
21.719166
20.595593
21.863225
20.678440
21.634946
19.946596
21.291168
20.406190
21.133460
21.143757
21.068452
21.571626
21.756602
21.928429
22.350737
22.601613
21.932967
21.858131
21.908048
21.869039
21.396284
20.207200
18.321994
20.497151
19.984097
19.362520
20.447625
20.163950
21.698817
22.466685
21.575975
21.281608
21.468754
21.942384
21.229942
21.392524
21.643461
21.744508
20.880355
22.073069
22.165279
22.817883
21.451541
20.886957
21.056743
20.988369
21.592555
21.495412
21.991705
21.809696
20.505569
21.642989
20.949127
20.937085
21.713338
21.208243
20.750283
21.658800
21.104512
19.824802
20.389245
22.900594
22.977129
22.185194
20.369196
20.128064
22.272328
21.915312
17.929722
19.460860
20.561783
19.569298
19.634964
20.973479
22.199697
19.556564
21.432950
21.175459
20.414658
21.594900
18.623644
21.912727
20.332920
21.561505
21.034423
19.190872
18.116579
16.980184
17.936192
19.042164
16.874439
17.186245
16.602893
17.593170
16.751066
17.107679
17.501168
17.210767
17.544678
17.256286
17.429864
17.388923
20.045208
22.755497
17.113477
15.952901
16.361469
16.452291
15.620240
18.510741
19.362031
18.176169
16.813612
17.369778
16.265556
16.000058
13.924157
14.594338
17.167829
18.596258
18.151984
16.860267
18.149964
20.028246
19.705453
20.772487
19.851985
20.078527
20.372099
18.682728
20.286873
20.392328
19.538154
21.441187
20.159839
20.267421
20.987155
22.398990
19.919951
17.945168
18.447908
19.691122
22.355435
20.747815
22.495147
22.817934
19.987427
21.686944
25.281037
25.216003
25.306308
22.970802
24.300683
24.749790
20.622958
20.367574
23.330822
23.175958
22.809302
20.632252
19.551747
19.189436
17.998305
18.103231
16.988556
16.867451
19.272222
18.806925
19.933159
20.182031
16.519828
16.819183
15.569434
17.481342
17.368713
16.424227
17.372984
16.438587
17.084446
17.906090
18.996110
19.188560
18.243449
18.801155
19.051034
18.543488
17.054825
17.087588
18.551707
17.496380
18.655907
17.838826
17.739261
17.267046
17.795311
18.033717
17.961768
20.742118
22.836068
21.421895
22.340580
24.159861
24.616333
23.290516
23.727597
23.815042
26.451440
26.818523
25.896607
25.751677
26.231329
26.179882
26.199746
26.626790
26.900842
26.073400
26.252010
25.693020
26.732593
26.791686
27.252875
25.684962
26.216273
26.112429
26.629041
26.998872
26.334565
26.600377
25.985580
26.602459
26.918579
26.504956
26.504624
26.538869
25.994571
26.370805
26.379072
25.571958
26.423497
26.576589
25.477277
25.301785
25.924950
26.046456
24.856115
26.588828
25.912796
24.215376
26.230457
25.838371
26.060179
26.032596
26.594275
24.828804
25.058618
25.480672
25.598172
25.603630
26.354797
27.143251
26.321819
25.156184
25.590044
23.623959
23.222245
24.464691
23.695952
20.769786
19.117189
21.770374
22.315054
21.196980
20.278754
21.382449
20.440077
20.920100
22.401090
22.305716
21.340172
20.631871
22.732868
21.503558
20.851176
21.931033
19.610492
19.984261
19.970855
19.502876
20.122840
20.088662
18.572120
21.391254
19.878696
21.996940
20.258188
21.518843
19.680048
19.955740
19.904008
22.648286
22.354263
23.238558
23.770481
22.507173
22.319617
22.744662
23.702854
23.539828
23.563805
22.560702
23.715389
24.011876
23.282119
23.688065
23.373211
23.889174
22.838191
23.054395
23.576906
22.586622
23.529228
22.900408
22.464747
22.937448
22.897117
22.059634
22.553755
22.327380
22.863322
22.251221
22.948714
21.413155
21.504116
21.282221
23.707257
22.661447
22.352424
23.304290
23.480881
22.697358
21.086965
23.082932
22.827609
23.035986
22.408890
22.951829
21.970438
23.137657
22.584432
24.831064
23.695125
23.129119
22.622362
22.205925
21.436491
21.355724
21.794151
21.556342
20.970169
22.658392
22.051694
22.146576
21.970965
22.185995
21.999307
20.924563
21.498470
21.527624
21.183815
21.137522
21.820992
21.778544
22.824151
21.939555
22.094049
21.944945
22.026805
22.837346
21.641548
22.561787
21.770227
21.939568
21.783719
21.620125
20.773184
21.361002
21.854386
21.621591
21.569497
21.759178
21.002752
22.044430
22.017529
21.664253
22.602165
22.665185
