31.654237
32.700850
31.967178
31.672960
30.467822
32.099733
31.602334
31.913947
32.530260
31.898460
31.028001
30.310093
30.553625
30.925616
30.705469
31.147036
31.441474
31.053126
31.068380
31.181191
29.752997
31.187046
31.123874
30.778214
30.910370
29.993401
29.938668
30.422927
30.705807
30.653649
30.210226
30.771960
29.250536
30.173208
30.765606
30.688933
30.349949
30.350611
30.663451
30.129141
29.834287
30.069202
30.550622
29.962805
29.670830
29.796647
29.757643
31.674159
31.001499
30.282688
30.537400
31.118294
31.391977
30.815100
31.633863
31.882933
31.441360
30.479785
29.908147
31.024052
30.921402
30.111060
30.757656
30.624929
30.045220
30.468008
30.051967
31.003716
30.151260
30.517776
30.434865
30.958522
31.441290
30.647596
31.392858
31.373381
31.354019
30.708487
30.816661
31.144255
30.815531
30.512344
30.190888
30.966156
30.290012
30.615683
32.196479
30.850181
30.807309
30.626518
30.599296
31.628143
30.019291
30.069330
30.055027
29.250712
29.604667
30.001286
30.169743
29.688927
30.129439
30.805764
29.752461
30.251421
31.442462
31.084337
31.074188
31.356135
31.093691
31.070822
30.394488
30.515666
30.248215
30.624234
29.740085
29.471011
30.191650
29.957977
31.130878
31.447964
30.854687
31.134639
30.543462
32.179998
30.797544
31.804391
31.049170
31.339396
31.320439
31.519137
31.165857
30.323999
30.919319
30.395326
30.407355
31.338655
30.746552
30.899638
32.369329
31.922833
31.808902
31.333371
29.013888
30.209277
31.573301
30.628014
30.115477
30.623584
29.750646
30.546405
31.471181
29.889861
30.305429
30.257903
30.388618
31.267362
30.628604
30.400831
30.637247
31.252812
30.221282
31.310138
31.960491
31.334507
31.828118
32.344711
31.899027
31.428138
32.044749
29.969302
31.561179
31.913465
31.438202
31.677556
31.028810
32.559956
30.922700
30.958703
31.106104
28.432630
31.165295
30.467964
31.551351
31.715017
31.646236
31.139571
32.174887
32.787435
30.748796
30.843492
31.453435
31.243232
30.801867
31.974844
29.972542
28.908172
31.203636
30.788556
32.087358
30.832476
30.856226
30.141807
30.656300
30.278638
29.788503
29.960717
31.071560
31.136782
31.774745
31.870885
30.365424
31.738118
31.371761
31.268858
31.366626
31.883729
31.636695
31.451965
30.995858
31.727238
30.575380
31.571887
31.658791
30.948086
31.918640
31.275967
32.002618
31.867878
31.615563
32.352329
32.454097
32.301987
31.806320
32.160385
31.413236
31.248729
31.833899
30.786875
31.113806
30.108362
31.805197
31.501355
32.643590
31.842151
31.918006
31.363007
31.946059
32.027223
31.453271
31.783986
31.999229
31.950850
31.838604
32.628935
31.824558
31.827977
31.925354
31.788434
32.155085
32.381662
32.181856
32.015624
32.298096
32.788507
32.773225
32.197034
32.853841
31.928090
32.419377
32.818818
31.335096
32.218165
32.659610
32.528148
32.145001
32.041702
32.023179
30.570223
31.450867
32.957260
32.723909
32.147539
32.391869
32.475878
32.483388
32.538859
31.757624
32.294890
32.192869
32.242544
32.361475
32.891986
32.988415
32.158242
32.787205
32.337700
33.172950
34.244708
33.158153
32.667872
33.681137
33.065499
32.520891
32.285126
32.287744
32.827510
33.565024
34.212677
33.798921
32.361430
33.531914
33.437667
33.314465
31.706648
33.462876
33.894662
33.307127
33.595808
33.683313
33.220677
33.094580
32.864228
32.201174
31.500575
32.988981
32.598322
31.630576
33.640160
33.519894
33.001779
32.703692
32.633564
32.770909
32.501442
32.172805
32.978908
32.812845
32.339681
32.330242
32.586756
32.492362
32.178647
32.239189
32.655965
32.104059
31.867023
31.973826
32.058118
31.596470
31.359003
31.713013
31.318763
32.554016
31.998657
32.706907
32.345540
33.428555
32.151152
31.836514
31.861243
31.630649
31.484991
31.516922
31.527024
31.188384
32.282195
31.752780
31.901682
31.854445
32.027757
31.753655
31.914514
32.135731
31.895775
32.673650
32.184073
32.148635
32.527216
32.858132
31.648928
32.112230
32.832514
32.781801
31.802501
33.573023
32.933322
32.128784
31.598122
32.775094
32.848110
32.550060
32.572251
32.057998
32.536642
32.301534
31.591189
31.893644
31.820830
32.049736
31.370332
31.843314
33.229346
31.755465
32.340096
33.228091
32.355617
31.409763
32.000353
32.376250
32.568347
31.736489
32.148155
32.534933
32.379476
31.174422
31.996550
32.368401
32.207479
31.693870
32.364295
32.273664
32.259993
32.054848
31.508071
32.306005
32.545467
32.018900
31.855954
32.059241
31.914421
31.779282
31.998504
31.458456
31.859821
32.458610
31.961698
31.588354
32.683904
32.224879
31.639330
30.686169
31.675933
31.451192
31.416923
31.489103
31.795547
31.418287
31.750183
33.230605
32.369550
32.524680
31.702473
31.403181
32.198472
31.354629
30.929346
31.546977
31.557481
31.993406
31.661962
32.128820
32.885482
32.955428
31.894451
31.155211
31.226457
31.091748
31.932682
32.097303
32.044216
32.839390
32.873090
31.770955
31.529330
32.807538
32.060097
32.434503
32.602539
32.738336
33.110802
31.769158
30.403049
30.063354
31.129073
31.436453
30.937472
30.418900
31.984832
32.878997
32.405519
31.486762
32.162012
32.573373
32.407214
31.148536
31.875685
31.223494
31.298063
31.277841
32.042629
31.253092
31.060979
31.387277
31.871631
31.075046
32.842287
31.779374
32.248214
31.563786
31.239789
31.241498
31.711499
32.463508
32.153940
31.157695
31.654181
31.346170
31.606302
31.276822
31.804458
32.102547
33.128711
32.363293
32.769181
32.855950
32.392487
32.966990
33.569631
32.640822
31.518063
32.345930
32.421839
32.827739
33.006639
32.408690
32.116763
32.417904
32.282543
32.407069
32.347411
32.412618
31.831248
32.205167
32.640449
32.434575
31.913758
32.522310
32.358113
32.141281
32.469207
32.823719
31.698776
32.015839
33.039018
32.451217
31.938780
32.471923
31.777110
31.728930
32.073209
31.641808
32.267326
31.422202
32.174410
32.591880
32.462381
33.277043
32.674605
32.623715
31.949217
32.420622
32.564267
32.904661
33.017369
32.850413
33.560100
33.043529
32.940105
33.711956
33.883493
32.860550
32.225023
32.732194
31.751447
32.023768
31.756968
31.039172
31.413518
31.075042
32.100952
31.980049
32.271448
32.527076
33.588726
32.390158
32.141752
32.414054
33.227421
32.289802
32.306323
32.996236
33.302321
32.163253
32.712372
31.663509
33.301834
31.961483
33.067853
33.017248
33.103919
32.625924
32.426761
32.183010
32.156629
32.376932
32.198443
31.668800
31.001003
32.505367
31.725947
32.440999
32.088837
32.835626
32.806652
32.076283
31.337265
31.777205
31.293697
32.563299
32.020984
31.529472
31.328329
31.475459
31.770270
31.238899
31.906833
32.196966
30.183451
28.483797
29.450418
30.949941
30.096737
29.631343
30.969768
29.808998
30.353080
29.661723
29.787964
29.255465
28.604824
28.463419
29.653890
30.283339
28.931443
30.435671
29.948315
29.349505
28.536900
27.848878
29.251617
30.940179
30.845753
30.079993
29.771168
29.594782
31.715634
30.105059
30.670532
27.627350
27.785293
29.326145
28.478759
29.004149
28.215445
29.506262
29.107018
28.047129
27.764357
27.706333
29.132500
27.592929
29.144810
29.405268
29.545113
28.071125
29.187995
29.131412
28.940739
28.977491
27.539727
28.548923
28.384453
27.901524
27.294905
27.435579
28.739829
27.373010
27.781381
28.269524
27.503328
28.241521
27.911109
27.435603
28.553339
27.210019
28.340677
29.366189
27.240176
27.484332
27.533773
26.213850
26.875563
27.798254
28.739134
26.204929
