29.017027
30.434875
30.214065
28.525422
29.231406
29.348212
28.983301
29.087168
30.305362
29.275091
29.443762
29.243584
30.455755
28.852556
28.566580
28.731996
28.942565
28.750093
29.616079
27.020139
28.875511
29.925226
30.239920
31.261080
29.573830
30.256756
29.533457
29.221211
30.184112
30.004395
28.873026
28.997528
28.958788
29.119658
29.332807
29.403104
29.664241
28.561867
28.936052
28.362387
28.301925
27.657812
26.738299
27.343395
27.022519
27.193490
27.601592
27.313825
28.069340
26.918819
26.600995
27.794216
27.757439
27.420528
27.221675
28.670126
27.185438
26.611014
26.717127
27.388028
26.409399
27.125534
27.150027
25.855717
25.557218
27.123062
25.540785
25.815200
24.699794
27.360038
26.557268
25.925065
23.763836
23.384744
21.771346
22.534710
25.440508
24.339252
19.060866
19.786891
21.865673
21.252081
19.911138
21.358530
18.764687
18.463448
19.000761
18.505563
20.465658
18.894829
18.483825
19.754066
19.809001
18.608713
19.647859
19.470892
18.193413
19.257265
18.392039
19.122068
18.615519
17.723981
18.869787
19.103930
18.774396
18.726204
19.513171
20.248006
19.963641
18.717980
19.876982
17.638829
18.055597
18.466800
18.450393
21.133384
21.056231
21.296357
21.478155
21.678441
20.639341
21.291893
23.314413
22.945429
21.447644
21.423758
21.466901
23.654315
24.218990
23.451100
25.590724
24.928398
23.778951
23.649270
22.525965
24.011120
24.203086
24.226906
24.685185
24.288542
24.098250
23.476683
23.734597
23.498717
24.965269
24.090542
23.541269
24.509390
24.217425
23.993204
23.457923
23.577203
26.399284
25.868083
23.902490
23.831026
24.767403
24.283003
23.910215
23.906992
24.155480
23.921593
22.438174
21.943563
21.475450
21.875136
24.455675
24.086520
25.080611
25.291956
25.099974
24.165178
24.878937
25.627274
25.574586
24.745426
25.893259
25.046318
25.480937
24.892703
27.195256
26.050624
25.179707
23.472320
23.492246
24.790826
24.404441
25.103283
25.103543
24.482020
24.233856
24.329451
23.976697
24.180968
23.455369
23.674387
23.474789
23.847361
24.021649
23.963887
23.806459
23.768308
24.311918
26.303120
25.469684
25.600765
25.054454
24.884141
25.384500
24.536671
24.805588
24.729174
22.705131
23.124879
24.176394
23.201960
23.624789
24.740023
23.036129
23.272023
22.479729
24.582075
23.728658
23.285255
23.372180
24.731570
24.965484
24.175330
24.755252
24.305467
24.659531
24.542522
24.127157
23.774952
24.683741
23.974698
24.763520
24.853178
23.679884
22.679333
23.712236
23.818939
23.873603
23.450639
20.643769
20.018784
20.933476
21.492941
21.605738
21.405317
20.498075
21.885557
20.995609
21.122229
21.399417
20.993335
20.454570
21.060780
21.546955
21.186863
20.711396
21.663534
20.979197
20.496375
20.125283
20.852063
20.406295
20.256879
20.765460
22.647527
20.278568
19.085429
19.534560
20.592687
22.033952
18.830757
20.157575
20.701895
20.999097
21.653673
22.278364
22.292677
22.094218
22.895853
21.644774
23.776573
24.244761
23.551994
21.729214
24.140715
24.471734
22.944736
23.236825
23.181502
23.330282
23.561415
21.946724
23.251091
22.191849
22.494132
23.033060
23.899564
23.756728
23.441678
24.584558
24.939713
24.343006
24.104551
23.813435
23.672157
22.566982
22.731846
22.403501
21.787836
21.977665
22.931972
22.505517
22.897045
21.022728
22.465537
21.165464
20.974695
21.848119
21.956933
20.921423
22.135084
22.350196
21.454708
21.891163
20.155746
19.904993
20.450556
18.815760
19.520118
20.193380
19.209938
19.362360
20.399456
19.912610
20.228513
19.850069
20.411896
21.994519
20.686186
20.964121
20.149173
20.382382
20.225525
20.634996
21.154897
20.224893
19.649596
19.973576
21.042698
19.968665
20.452607
19.801236
20.016220
19.919344
20.531829
20.183054
20.555219
20.492444
20.436356
21.611609
21.237710
22.003696
22.362014
21.876665
24.228793
23.216671
24.301625
24.468238
23.954926
25.274850
24.302090
22.488314
22.030180
23.162366
23.173284
23.381020
21.340522
21.519015
20.627748
21.429785
21.720032
21.129495
20.802872
21.197159
21.875411
21.304290
20.931836
20.895968
20.912021
21.234794
20.679151
21.840026
21.211944
21.307455
21.297102
21.269470
21.972890
21.776362
21.134684
21.905732
21.906559
21.822333
21.513248
21.957005
21.696771
21.321512
21.305490
21.201655
21.359536
22.073092
21.055679
21.363540
21.268569
20.996065
21.289760
21.217946
21.291242
20.778560
22.045492
22.657009
21.711031
21.251747
21.734322
21.278133
22.424189
22.576203
22.801099
21.396911
21.634322
22.449057
21.504559
21.140091
21.407407
21.120004
21.764980
21.541830
21.825543
22.072901
21.764129
22.365704
21.645072
21.351625
21.182517
21.571143
21.861762
22.540251
20.989556
21.344953
21.582013
21.789439
21.423221
20.449040
21.286087
21.615134
20.586279
20.892485
21.006668
20.972187
20.647964
21.799405
21.461156
21.248996
21.883891
21.555611
21.267084
21.219310
21.221356
21.304795
21.316889
21.116806
21.847394
21.762692
21.013436
21.093912
21.247582
21.059415
21.776908
21.560334
21.199893
20.606105
21.678610
20.662199
21.988957
21.340858
21.586818
20.919688
22.894099
21.371786
21.625000
20.978693
21.671471
21.972181
20.809122
21.279316
20.688238
21.433529
21.277252
21.314245
20.719234
21.354968
20.997365
21.561712
21.558010
21.706861
21.691058
21.512022
22.209368
23.558693
22.947585
22.551882
21.811100
21.023896
21.865267
22.481125
23.225850
25.267053
23.110528
23.647750
23.243250
23.432897
22.600329
23.187502
22.454945
22.530687
22.605418
22.552550
23.715949
23.543036
22.940086
23.131627
23.606063
21.499085
22.455865
22.912101
24.053786
23.783361
23.932226
23.924607
24.115085
23.456012
23.765176
24.460673
23.954052
24.346861
24.244294
24.095982
24.102198
23.928902
24.553131
24.185371
22.978891
21.894952
22.023138
23.126519
22.957075
22.925267
22.495532
22.668201
23.013342
23.002671
22.542844
22.818885
22.615942
22.795738
23.196425
22.293787
22.559083
22.669982
21.211593
22.974589
23.480167
22.759183
22.808610
22.946802
22.910015
22.256301
22.335992
23.217544
22.844590
23.363150
23.611459
22.303362
23.021117
22.589897
22.185340
22.165762
23.525495
23.205132
23.594187
23.767262
23.494170
25.033942
22.792234
22.998864
23.804933
23.555104
22.970923
23.175544
22.976310
22.341393
22.007732
21.760335
21.813845
22.628166
22.548090
22.271716
21.839435
21.195616
22.295198
22.247620
22.918134
23.420631
23.862178
22.923954
22.720214
22.823330
22.053555
22.258348
23.254042
23.587391
23.125816
23.277926
23.304336
23.168135
23.182435
23.704016
23.420843
23.050866
22.345912
23.199799
23.393153
22.965124
23.425533
22.036288
23.180767
23.504006
24.009124
22.334795
22.994415
22.666823
23.161931
23.567663
23.220245
22.533748
24.375027
23.537845
23.542633
23.474360
23.353491
23.820523
24.149161
23.569036
24.243078
23.791383
24.293057
24.204062
23.828077
23.084065
23.176323
23.587760
23.444533
23.188050
23.410480
22.982422
23.083262
22.264620
23.612123
23.060088
24.069427
22.735275
22.507213
22.870408
22.355062
23.563682
23.700751
23.446420
23.239318
22.748224
23.450170
22.322211
22.510101
22.675314
21.951059
22.212277
22.899441
22.543581
22.195347
21.847192
22.567206
22.893930
23.093048
22.363851
23.061781
22.967835
23.228996
22.832757
22.954164
23.630758
23.183959
23.221425
23.635483
23.588270
23.413573
23.015976
23.088793
24.840684
25.065585
24.290716
26.233268
26.337950
