23.756793
24.915852
23.943521
24.031631
23.229691
23.964608
23.998394
24.210315
23.298282
24.284845
23.688167
24.492216
24.488606
24.627975
24.017611
22.995923
25.187577
24.500454
24.217476
25.563703
25.429839
24.267876
24.739775
25.818622
25.239806
21.987507
24.317109
25.691411
24.009893
26.038730
25.138185
25.680230
26.362985
25.494571
25.607940
25.061865
25.002616
25.674381
24.914487
25.051651
23.575110
23.900509
24.592614
24.362405
25.163729
25.800255
26.415991
25.339722
25.240337
24.797567
24.519906
26.287644
24.658291
26.573182
25.618984
25.453889
25.944045
25.475637
23.027902
23.024001
22.815143
22.492680
25.211167
25.173894
25.650305
25.375514
25.701347
25.511729
26.168477
26.049110
26.161412
26.396726
27.264184
25.115643
25.097104
25.358271
25.272982
25.865577
26.246473
26.168879
26.282978
26.526110
25.449072
25.744047
24.775211
24.365690
24.864654
24.389357
24.559511
23.835493
24.641515
23.643507
24.016008
24.525479
24.460261
24.774575
24.074334
24.579079
24.803597
24.309785
24.899702
25.132093
25.177407
24.530476
24.508253
24.205838
24.393303
25.315623
24.931849
25.868209
25.420108
25.935385
25.405574
25.252774
24.862070
25.122894
26.341485
26.017354
25.589071
25.415623
26.098377
26.314450
25.911756
25.570378
25.756616
26.002120
25.793647
26.590786
25.867248
26.966693
25.527187
26.436843
26.264620
26.341317
25.713582
26.334461
27.416746
25.801377
26.478920
26.083884
26.575371
27.482355
26.082959
25.357556
25.834744
25.423934
26.495107
25.462035
24.990148
24.552036
24.355596
24.181713
24.593594
24.667411
24.351760
24.832751
24.868369
24.856305
24.906776
25.821683
25.493428
25.629587
24.853294
23.951928
25.386984
24.729303
25.105841
25.512789
24.368355
25.565006
25.127578
25.469983
25.325238
25.555106
25.461867
25.647307
25.535436
25.867716
25.492676
25.809517
25.710940
25.901007
24.911647
24.750515
25.025357
25.262477
25.585166
25.008292
25.652244
25.894612
25.486010
24.836562
24.862363
25.610211
26.376627
25.425161
25.623235
25.492179
24.936575
25.229500
24.746350
25.642167
24.129821
25.147494
25.026378
25.341007
25.478797
25.227193
25.062903
24.897770
25.381289
25.607657
25.051447
25.398949
25.810835
25.492050
25.230943
25.328006
25.634091
25.257787
25.925594
26.058808
25.647692
25.822886
25.413500
25.790836
25.454506
25.722828
26.141696
25.947129
25.467710
25.781632
25.575696
25.814684
25.617327
25.546604
25.369057
25.535213
25.054209
25.252953
25.317191
25.490130
25.412981
25.198257
25.502326
25.879069
25.513342
25.133210
24.943425
25.460817
25.217860
24.406066
24.761470
24.613034
24.638916
24.528688
24.902398
24.306075
24.477998
25.177542
24.608318
25.097174
24.942008
24.859883
24.816459
24.639593
24.315511
24.792223
24.568491
24.402967
24.541379
24.415276
24.537302
24.400707
24.538638
24.589008
24.418767
24.775244
24.735225
24.448132
24.664645
25.003345
25.577997
24.320479
24.857440
24.441022
25.113604
23.294142
24.091609
22.983530
24.540352
24.792385
24.492731
24.629135
24.694190
24.354031
24.465691
25.277144
25.049970
24.747898
24.474492
24.813344
24.426806
24.308196
24.659739
24.677557
24.476292
24.247719
25.312593
24.214533
24.068180
24.349503
25.002917
25.706894
25.136598
26.212363
24.935842
23.999227
24.542822
24.658228
24.112362
24.558468
24.668567
25.317143
24.894986
23.910146
24.180023
24.622623
24.352178
24.459041
24.643348
23.639811
23.378281
23.980623
24.173597
23.724480
24.185404
23.886106
24.857969
24.496011
23.835773
24.637730
25.163965
24.599630
24.932140
24.642030
23.979786
24.128182
24.223438
24.492884
24.540187
23.858583
23.766896
24.322619
24.388130
23.598543
23.854725
23.987992
24.076812
23.866878
23.761764
24.544002
24.231384
25.105029
24.241422
24.211624
24.090684
23.746113
23.836216
22.980324
23.389658
23.387183
23.901146
23.463145
23.888167
23.958158
24.041740
24.326266
23.364630
23.433365
23.534815
24.281242
24.043663
23.978607
24.107354
24.670045
24.386792
24.411130
24.046012
23.997870
24.683270
24.201571
23.945169
24.635664
23.345780
24.995640
24.222402
24.079948
24.392024
24.340372
24.826822
24.661806
24.422643
23.651035
24.794081
24.300119
23.722535
24.030069
24.371376
24.169087
24.690439
24.366106
24.451160
23.959645
25.100602
24.244672
24.190890
24.652719
25.003010
23.693075
24.732717
24.220445
24.874919
24.281256
24.631553
25.212929
24.925937
24.092891
24.893003
24.554661
24.488266
24.934335
24.986764
24.722581
24.946004
24.682367
24.490809
24.936691
24.902455
24.810055
24.349159
24.821163
24.160048
24.292195
24.202343
24.409299
24.679245
24.524168
24.985859
25.052477
24.887543
24.562106
24.326080
24.246417
24.210285
24.437895
23.926070
24.498955
24.372267
24.373118
24.653277
24.905091
24.455815
23.986636
24.450744
24.699106
24.823232
24.922046
24.362207
24.501917
24.676180
24.940733
24.934375
24.656119
24.506049
24.033519
25.030771
24.652062
24.121520
23.603633
24.586992
24.507780
24.677728
25.477480
24.272405
24.275421
24.404076
24.459343
24.025096
24.650907
24.083276
24.121428
24.789078
24.406939
24.929710
24.482150
24.324285
24.435257
24.838887
24.135854
24.297074
23.686353
24.296937
23.918848
24.029969
23.725263
23.816924
24.331808
23.968184
24.193416
24.403385
24.061272
24.239116
24.628391
24.627551
24.095367
24.784042
24.677761
24.477160
24.385413
24.334728
24.885577
24.272474
24.189687
24.210980
24.282593
24.271304
23.985713
23.979668
23.985596
24.118777
24.023299
24.240544
24.495284
24.521368
24.367019
24.167813
24.889760
24.624485
24.388512
24.564947
23.915118
24.501723
24.208852
24.215138
24.816495
24.767050
24.355172
24.751481
24.458333
24.497290
24.538058
24.586402
24.524092
23.607880
24.246846
24.511982
24.155105
24.480206
24.340993
24.534475
24.120430
24.328758
24.259357
23.506503
24.164353
23.156714
23.706273
23.134128
23.988662
24.391396
24.400578
24.128317
23.538547
23.301315
24.799784
24.228543
23.567773
23.828066
23.870143
22.775850
22.432491
22.482181
22.155731
22.105978
22.831785
21.909808
21.137745
21.474062
22.356870
22.112077
21.548472
21.186276
21.277342
21.678318
21.873595
21.387163
21.687175
21.902138
20.900056
22.750862
21.098551
21.973569
21.629625
20.022658
24.072902
22.958294
21.882783
21.622514
21.911115
23.149465
22.855905
22.194999
22.577789
21.601254
21.688333
21.474118
20.791555
21.041625
21.318460
22.113724
21.311804
22.790650
21.682932
22.228994
22.305397
21.750651
21.843876
22.047131
21.715594
22.201906
22.078947
22.217469
22.166318
21.168785
21.377218
22.000590
22.050508
21.960221
22.481304
22.207466
21.717997
22.297011
22.090360
22.018229
22.796389
22.535902
22.717406
22.457936
21.823489
23.846742
22.543956
22.081677
23.052881
22.665824
23.241671
22.523718
22.055595
22.001837
22.327256
22.226929
21.996448
22.290616
21.438155
21.570742
21.326286
21.469392
21.653578
21.854200
20.426111
21.970903
22.502379
21.653840
20.898334
21.597201
20.887847
21.903028
22.405318
22.478105
21.921110
22.409185
21.374001
21.739365
22.326169
22.475464
22.405228
23.152871
23.024681
23.302907
23.671035
23.321198
23.225339
23.860123
23.433611
24.622180
24.232582
24.423887
24.985499
24.372209
23.640098
24.719896
23.950132
24.344662
24.518327
23.618752
24.992101
24.261230
25.663831
25.027042
24.739536
23.633727
24.905202
24.860410
24.558246
25.178467
