27.208903
26.658716
24.317602
26.748649
27.526909
26.971581
27.397915
26.750268
25.518932
26.783078
26.359877
24.510844
24.541676
21.980283
24.801667
24.763396
25.301660
26.493950
26.276077
25.616473
25.718909
25.439021
24.949707
24.771302
24.878488
25.165178
25.232999
24.436369
25.404597
25.008154
25.018467
24.409172
24.438544
24.351581
25.011552
24.615648
25.601277
25.374427
27.400134
28.413023
27.213979
27.276726
27.896416
26.258835
22.171464
24.533809
22.158119
20.457998
20.435961
19.782544
20.288007
20.863578
21.586747
23.302317
22.554368
21.142349
22.131568
24.205184
24.122939
23.925679
21.802679
19.645784
19.385036
19.062349
20.766658
24.198741
22.289154
23.746223
22.871453
24.169926
24.015785
23.945180
24.199452
23.448602
22.461338
23.050682
23.114755
23.214781
23.196518
22.616685
21.863128
23.706077
24.248926
22.881527
21.548069
22.166707
21.534756
19.603496
20.191649
20.807013
21.296351
23.226837
21.370981
23.851441
23.037203
24.694798
24.479425
24.050542
22.465931
22.907374
22.938740
22.977987
22.884746
23.935034
22.638824
23.035059
23.714972
22.577598
23.532955
24.073068
25.262987
24.899858
24.254472
24.072234
24.636794
24.096845
23.871337
24.127400
23.605719
24.098996
23.389190
23.974590
25.099580
23.705339
23.719943
23.508895
24.368272
24.555935
25.335090
24.670255
25.650138
26.911841
25.837700
26.655541
27.768872
27.253299
27.497532
26.763449
26.831755
26.210497
25.768116
25.626489
26.241506
26.519143
26.782274
26.551815
26.016756
25.727154
26.069403
28.240560
26.299002
27.052582
27.526787
28.729354
27.051627
26.515343
26.340254
26.538400
25.727911
26.987013
27.322546
27.126798
25.844739
26.257240
26.598698
26.129588
29.351337
25.903348
25.862024
25.715718
25.075490
25.044809
26.207001
26.136265
25.261319
25.631020
24.922072
23.177857
23.030623
23.593643
23.586223
24.015585
24.003227
24.174732
25.660249
24.182579
23.366130
23.624424
22.749871
21.314189
21.895078
22.313602
23.396329
21.992361
23.181478
22.455911
23.436694
23.065199
21.818991
21.776128
22.006099
21.840978
24.007044
22.944081
22.414527
24.705419
23.546249
22.335339
21.438160
23.538371
22.790379
24.029420
22.555437
23.821548
24.087023
23.297587
23.280344
22.969447
22.547462
23.067192
24.069537
22.431264
23.061633
23.136865
23.241964
23.051562
22.809928
22.741235
22.027998
23.094583
22.596263
21.152286
22.987557
22.577946
20.438188
18.613262
16.430824
18.000841
18.330539
18.597738
17.438742
18.526341
17.679364
17.358986
16.369347
16.605897
16.475128
17.679485
18.012551
17.629119
17.337482
18.505941
17.332641
19.306182
18.684165
17.275360
17.384708
17.909400
17.906979
17.127491
16.308140
16.440475
16.998939
17.456646
18.058977
17.782998
17.911269
18.829725
19.941650
20.057508
24.531270
26.570677
25.677287
26.024751
23.077471
24.031955
24.298814
21.526168
22.245256
22.929400
21.766807
22.684229
22.516592
22.101516
22.489287
23.285823
22.587839
20.425360
21.623644
22.007644
24.004922
24.619207
23.526861
23.697579
24.273819
26.057809
28.567980
29.702753
29.457413
30.542222
30.842182
28.583629
29.338017
28.270510
28.188268
27.626124
25.276679
27.433735
28.061591
27.209168
27.132800
27.017096
27.682158
28.623318
27.781391
28.572281
29.049642
28.480623
29.925387
29.921766
29.809643
28.815563
29.398139
29.044519
29.236411
29.408131
29.057556
28.387723
28.776844
29.016452
28.472629
28.063286
28.772727
30.213751
27.098591
28.375595
26.615668
26.498464
26.244255
26.598697
26.083917
27.491926
27.056023
26.964455
27.237145
26.270962
27.417967
26.922916
26.232988
27.611168
28.133372
28.376032
26.786631
27.676556
27.838012
27.752474
27.749024
28.573118
28.184635
26.596287
27.849555
28.005215
27.023566
28.318612
29.338483
27.667909
27.747854
28.818010
28.400793
28.618642
28.658016
28.326047
27.716229
28.873877
30.539003
29.898234
29.378344
30.938861
30.863787
30.216540
29.977193
29.442223
30.834707
29.465576
30.155638
30.477627
30.231065
30.801826
30.967749
29.615850
31.493877
30.235077
30.302063
30.637049
30.763885
30.554456
30.934785
30.528256
30.592053
30.951693
30.227940
30.047431
29.980140
31.254322
30.697742
31.388015
30.554838
31.315127
30.839529
31.090879
30.938428
30.845663
30.287216
31.184777
30.867419
31.668056
31.611988
31.630343
31.799163
30.707751
31.103023
30.218229
31.231617
31.383661
31.336980
30.089004
29.029431
29.776915
29.016027
28.719719
28.938087
29.189396
28.627150
28.481231
28.676079
27.823967
28.390612
28.228452
29.213729
27.776113
28.676216
29.164777
29.177975
29.986643
30.466653
31.200020
29.234877
30.772801
30.095900
30.294997
29.186142
28.363833
28.641214
28.136491
27.569351
28.427790
29.732249
30.221626
29.491580
29.593170
29.834750
29.724650
30.291823
30.082839
30.268251
29.619842
29.810443
29.691895
29.516829
30.375761
30.019594
31.161501
30.215083
30.463626
31.256059
31.468734
31.147209
30.664537
29.541239
28.854670
30.137759
29.646476
28.420715
28.481082
28.509666
30.107309
29.041054
28.195418
28.097579
25.348918
25.233403
26.212129
26.423399
27.953989
30.142520
30.393580
30.195058
30.615483
31.082144
28.151736
28.473305
26.796345
27.397218
27.394099
26.439064
26.454050
26.602928
27.474301
27.607855
27.013784
27.302598
26.528260
25.677463
24.640097
24.827925
25.614744
24.807059
25.053024
25.863001
24.543197
25.643257
25.195959
23.814198
25.638030
26.341412
27.088605
26.535533
26.423860
26.432439
26.776599
25.578196
25.822721
26.368159
25.565048
26.124597
26.056333
26.202577
25.844274
27.257694
27.015892
26.342095
26.358814
25.719026
26.621058
27.162783
26.923811
26.409688
26.247593
25.762448
26.348389
26.173424
25.848936
26.613819
26.388110
25.250112
26.175205
25.679446
25.838595
26.079486
25.891385
25.315630
25.836631
26.410337
25.861483
25.894590
26.249896
25.087412
25.680987
25.443308
26.886865
26.055335
27.036078
26.760844
26.766597
25.612264
26.076834
26.610195
26.442791
26.826466
25.950897
25.683267
26.411034
26.778317
25.808326
27.260694
26.430162
26.967370
26.944714
27.487552
26.719973
27.077165
27.318680
27.422883
26.099117
27.300504
26.012257
26.681545
26.492648
26.793681
26.785341
27.292570
27.001642
26.568288
27.195199
27.134140
26.350125
26.972460
27.059034
26.561343
26.438002
26.632666
26.271158
26.382404
25.820640
26.462263
26.173216
26.263350
26.601516
26.590565
26.748528
26.412023
27.206702
26.672844
26.309867
26.557055
26.102325
26.590531
25.049916
26.590424
26.688827
26.866302
26.115214
26.969081
26.246961
26.683852
26.907175
27.091136
25.640152
26.208938
26.603754
25.856932
25.862785
26.063248
27.049383
27.112266
27.238474
27.916602
28.312547
28.060190
26.797332
26.956673
26.481077
26.067423
27.665911
26.289559
27.212780
26.737139
26.411298
26.861843
26.317479
26.686668
27.255372
26.506104
27.084316
28.651913
28.276736
28.667573
27.896269
28.195895
27.007720
26.585335
26.369061
27.438653
28.284184
28.309207
26.050875
26.871371
27.248119
26.900805
25.942641
26.411625
26.075502
27.190522
26.581711
26.688203
27.027944
26.256802
27.553900
26.442464
26.432562
28.068493
25.974928
28.355605
28.306815
28.084057
27.459532
28.836328
26.647181
27.757768
27.431192
27.002522
27.513879
27.575772
27.655671
26.520994
27.611916
27.144555
26.993489
26.524501
26.796719
27.251297
27.577690
28.360012
27.874228
28.728871
