26.276075
23.942704
22.415187
26.345805
25.756072
24.265980
21.643488
24.368172
25.014625
25.435516
24.492781
24.335673
25.874829
24.025365
24.538077
25.085261
25.578179
26.845050
26.378255
27.833885
27.248500
26.249498
26.262440
26.982499
25.798994
26.534946
26.139584
23.766018
23.411722
23.601399
23.532963
22.116840
22.589154
23.114321
23.906233
23.900146
25.151412
27.366685
27.965098
28.214451
26.936288
25.336900
24.317710
23.697446
23.155750
24.203919
22.338314
24.798517
24.330979
23.990117
25.865392
23.993542
25.337045
26.143166
26.287066
25.474095
21.985556
21.534861
23.114074
23.838724
23.285262
23.443234
23.816596
22.957646
23.376142
23.115509
23.419739
23.606031
23.662357
23.356290
23.675126
22.939870
23.447904
23.951081
23.392654
23.200901
22.869193
23.759962
23.636476
23.558838
22.898569
22.702481
23.466256
22.989648
23.158759
23.160264
23.542846
24.168778
23.237480
24.122683
24.095177
23.465410
24.335850
24.460806
23.809385
23.682400
23.490097
23.200886
23.339400
24.026277
23.998138
23.961601
23.856169
24.289062
24.346442
23.891890
23.741204
23.452762
23.380840
23.746198
24.148871
23.586517
23.660325
24.636432
24.227622
23.477351
24.331962
24.304856
23.537791
23.921979
23.280070
22.256278
23.464278
23.344494
22.656588
22.771084
22.884258
22.366812
23.413728
21.912791
22.358300
22.290267
22.792113
22.558102
22.510392
23.136291
22.183737
22.608961
22.994931
23.150684
22.726414
22.759742
23.056253
23.349083
23.349131
23.000776
22.741549
23.577973
23.307397
23.256267
23.108597
22.779274
23.136916
23.315255
23.861263
23.146110
23.856025
23.709890
23.168911
22.600981
23.761363
24.046372
22.964769
23.036706
23.355195
23.135035
23.150206
23.508532
23.204423
23.538801
23.335565
23.737044
23.877723
22.970748
23.601754
23.966219
23.494022
23.651959
23.622402
22.929815
22.962760
23.290011
23.298179
22.885643
22.938857
23.951835
23.248380
23.042017
23.428037
23.233956
23.502945
22.838741
22.705277
22.830580
22.267060
22.437457
22.025045
22.952257
22.547049
23.197184
22.964610
23.396914
23.104978
23.624414
22.805722
22.909070
23.419196
22.769490
22.979614
22.753943
23.384284
23.705262
23.542003
22.887656
23.523889
22.683010
23.566539
24.127759
24.011328
24.960492
23.271267
23.719746
23.886906
23.755073
23.981514
24.123151
23.948219
23.340765
23.607004
23.107478
23.480787
22.611405
22.877757
22.482030
22.537312
21.753679
21.926087
22.532843
22.604074
22.524118
23.053602
22.070143
22.196533
22.223795
22.275049
23.223520
22.223843
22.361501
22.587516
22.956779
22.770851
23.091262
22.321867
22.502979
22.720688
23.354116
22.698657
22.429718
22.277900
22.886753
22.546093
22.379530
22.291307
22.467783
23.360025
22.547529
22.440728
22.749509
22.556351
23.006947
22.882061
22.882948
23.515562
22.803875
22.843501
22.709436
23.420863
23.622395
22.448288
22.421039
22.906884
22.365359
22.814742
22.285249
22.801849
22.917910
22.883398
23.534805
23.403995
23.735772
23.460361
23.666366
24.003353
23.226139
23.559376
22.925067
23.149871
23.209473
23.114185
23.358310
23.622052
23.835721
23.074166
23.564560
23.357709
22.152966
22.375971
21.272976
21.196825
21.063706
20.417006
20.566615
20.353096
20.429608
20.573212
20.526067
20.601509
20.759089
20.051450
20.987806
22.029028
21.436187
20.411048
21.464942
20.239960
20.136383
20.838139
18.154518
17.136085
17.723189
16.838318
16.904578
17.733520
18.000971
17.474182
17.514013
18.012641
17.725105
18.165162
17.518527
17.654698
17.037533
17.372645
17.243544
16.688879
17.390756
18.030331
17.102093
17.178604
16.368160
16.767908
17.358289
17.208607
18.087849
17.409908
18.236162
17.701311
17.485080
17.551411
18.345373
18.360005
18.254577
18.337729
18.881048
17.754852
18.320772
18.150962
17.598365
17.574319
17.997073
18.114424
18.241102
18.568118
17.717835
18.317750
18.251571
17.806345
18.187504
17.735211
17.818932
17.715754
18.276662
17.693018
18.335567
16.825685
20.061551
21.114747
21.037987
20.778623
20.018846
20.354679
20.816757
20.826723
21.666809
20.535390
21.682129
20.975495
19.822553
20.181782
17.098831
15.531915
14.908469
15.443842
15.408877
15.425977
15.248065
15.544988
14.707726
18.884686
17.086158
19.412833
19.245133
19.148039
19.825627
18.907407
17.456398
17.835074
18.581020
18.206923
18.255102
18.409455
17.942917
18.030277
18.357791
18.168758
18.271427
18.010358
18.762719
19.193204
18.137987
17.853854
17.997328
17.483135
18.316158
17.902261
18.675780
17.405740
17.517250
18.624357
18.491532
18.591411
17.691351
18.063618
18.097717
18.319798
17.392928
17.529876
17.436417
18.999975
18.036534
20.378253
20.579377
20.745506
20.561949
20.154293
19.843279
20.452121
20.260647
20.370752
19.906083
18.987951
19.401442
20.545330
20.257835
20.485900
21.342771
20.429247
20.949227
20.478522
20.739531
20.020469
20.734820
18.339670
19.111570
20.176845
19.907551
19.677996
20.612739
21.001366
20.500812
20.295997
19.850248
19.756343
19.567621
20.750468
20.097354
20.945483
21.811302
21.404987
21.603936
20.680410
19.299685
20.337060
19.634905
20.733591
20.346680
20.988018
20.019317
22.151327
23.755886
23.257920
23.670603
23.450098
22.829944
23.608066
23.812609
24.223809
23.926380
23.674860
23.780248
24.257053
23.842275
24.058973
24.009398
23.188340
23.335983
23.047893
23.724676
24.524554
24.203051
22.418901
22.770357
23.231638
22.991603
22.422139
22.933650
22.913244
23.498255
23.464310
23.242915
23.813907
24.002923
23.435064
24.622030
22.730328
23.003525
23.072544
23.555367
23.433613
24.723373
23.357398
23.151379
23.377448
23.160520
23.558264
23.717652
23.661810
23.166757
23.356094
23.769605
23.340881
24.658957
24.215816
23.998354
23.705794
23.957259
23.857729
23.458588
23.647730
24.285187
23.946260
24.288980
24.225979
24.439265
24.107938
24.453414
23.623682
24.510140
24.180283
24.420223
24.139375
24.515602
24.318509
24.337366
24.157001
24.975171
24.266066
24.138644
24.166675
24.093299
23.688347
24.100463
24.729785
23.926085
24.078235
23.571783
24.508907
24.556123
23.794666
23.719707
24.099122
24.312153
23.923348
24.128118
24.001712
24.106425
24.597683
24.542180
24.420533
23.866597
24.754630
24.403854
24.266695
24.153722
24.062853
23.734957
24.103444
24.255783
23.975251
23.997059
23.500388
24.088685
23.561159
24.513416
24.064969
23.540172
23.367228
23.603939
24.191337
23.646517
23.708697
23.465170
23.709149
23.692573
23.388530
23.354778
23.868868
23.857890
24.478849
23.090589
23.813524
23.445242
23.442632
23.697361
22.703196
22.665562
23.008672
22.923749
23.332729
22.905348
22.338913
22.708638
23.090898
22.956123
23.174093
23.651400
23.352331
22.805926
23.374443
23.664331
23.680978
23.997507
22.989706
23.297872
23.640536
23.484798
23.739571
23.290552
23.337836
23.734526
23.652324
23.774378
23.143497
23.133775
23.374572
23.972314
23.767400
23.996606
23.729152
23.853715
23.585314
23.473964
24.070304
24.345672
23.698601
24.503468
24.133236
23.817429
24.013505
23.123197
23.708000
23.274323
23.405151
23.284631
24.085833
22.504871
22.897660
21.857249
22.428605
19.093057
19.906761
19.208566
19.365961
20.573242
20.723219
21.637116
22.283293
22.551874
22.468114
22.593392
21.045956
21.058231
20.468762
21.447373
21.639811
21.628807
21.969002
22.179236
22.042363
22.532145
22.197040
22.378270
21.479084
22.442980
22.216507
